time,lat,lon,elevation,accuracy,bearing,speed,satellites,provider,hdop,vdop,pdop,geoidheight,ageofdgpsdata,dgpsid,activity
2017-05-04T17:49:21.847Z,58.397663,26.755454,96.69999694824219,18.0,16.8,1.8027756,5,gps,0.6,0.7,0.9,21.0,,,
2017-05-04T17:49:22.847Z,58.397699,26.755630,87.5999984741211,8.0,,0.0,17,gps,0.7,0.9,1.1,21.0,,,
2017-05-04T17:49:23.847Z,58.397736,26.755583,84.9000015258789,7.0,324.9,1.118034,19,gps,0.6,0.8,1.0,21.0,,,
2017-05-04T17:49:24.847Z,58.397653,26.755518,86.19999694824219,6.0,,0.0,19,gps,0.6,0.8,1.0,21.0,,,
2017-05-04T17:49:25.847Z,58.397640,26.755475,91.5999984741211,8.0,,0.5,19,gps,0.6,0.8,1.0,21.0,,,
2017-05-04T17:49:27.000Z,58.397639,26.755534,75.19999694824219,8.0,,0.0,19,gps,0.6,0.8,1.0,21.0,,,
2017-05-04T17:49:29.000Z,58.397639,26.755536,75.4000015258789,5.0,,0.0,19,gps,0.6,0.7,0.9,21.0,,,
2017-05-04T17:49:30.000Z,58.397639,26.755536,75.5999984741211,5.0,,0.0,18,gps,0.6,0.7,0.9,21.0,,,IN_VEHICLE
2017-05-04T17:49:31.000Z,58.397639,26.755536,75.5,4.0,,0.0,18,gps,0.6,0.7,0.9,21.0,,,
2017-05-04T17:49:32.000Z,58.397639,26.755536,75.5,4.0,,0.0,18,gps,0.6,0.7,0.9,21.0,,,
2017-05-04T17:49:33.000Z,58.397639,26.755537,75.5,4.0,,0.0,18,gps,0.6,0.7,0.9,21.0,,,
2017-05-04T17:49:34.000Z,58.397640,26.755537,75.5999984741211,4.0,,0.0,18,gps,0.6,0.7,0.9,21.0,,,IN_VEHICLE
2017-05-04T17:49:35.000Z,58.397640,26.755537,75.5999984741211,3.0,,0.0,18,gps,0.7,0.7,1.0,21.0,,,
2017-05-04T17:49:36.000Z,58.397640,26.755536,75.5,3.0,,0.0,18,gps,0.7,0.7,1.0,21.0,,,
2017-05-04T17:49:37.000Z,58.397638,26.755538,75.5,4.0,324.9,0.25,18,gps,0.7,0.7,1.0,21.0,,,
2017-05-04T17:49:38.000Z,58.397637,26.755541,76.0,4.0,324.9,0.25,18,gps,0.7,0.7,1.0,21.0,,,IN_VEHICLE
2017-05-04T17:49:39.000Z,58.397637,26.755544,72.9000015258789,4.0,324.9,0.5,18,gps,0.7,0.7,1.0,21.0,,,
2017-05-04T17:49:40.000Z,58.397627,26.755561,73.0999984741211,4.0,141.1,1.5,18,gps,0.7,0.8,1.1,21.0,,,
2017-05-04T17:49:41.000Z,58.397614,26.755582,73.19999694824219,4.0,144.9,2.0,18,gps,0.7,0.8,1.1,21.0,,,
2017-05-04T17:49:42.000Z,58.397599,26.755599,71.5,4.0,146.1,2.0,18,gps,0.7,0.8,1.1,21.0,,,IN_VEHICLE
2017-05-04T17:49:43.404Z,58.397578,26.755642,75.5999984741211,3.0,120.9,2.0,18,gps,0.7,0.7,1.0,21.0,,,
2017-05-04T17:49:45.000Z,58.397571,26.755699,75.4000015258789,4.0,95.3,2.0,19,gps,0.7,0.7,1.0,21.0,,,
2017-05-04T17:49:46.000Z,58.397581,26.755736,80.5,4.0,61.7,2.0,19,gps,0.7,0.7,1.0,21.0,,,IN_VEHICLE
2017-05-04T17:49:47.000Z,58.397600,26.755759,80.19999694824219,4.0,37.2,2.25,19,gps,0.7,0.7,1.0,21.0,,,
2017-05-04T17:49:48.000Z,58.397621,26.755769,80.30000305175781,4.0,18.5,2.25,19,gps,0.6,0.7,0.9,21.0,,,
2017-05-04T17:49:49.000Z,58.397642,26.755769,79.0999984741211,4.0,6.2,2.25,19,gps,0.6,0.7,0.9,21.0,,,
2017-05-04T17:49:50.000Z,58.397663,26.755761,77.9000015258789,4.0,357.2,2.25,19,gps,0.6,0.7,0.9,21.0,,,IN_VEHICLE
2017-05-04T17:49:51.000Z,58.397684,26.755746,77.5999984741211,4.0,347.6,2.25,19,gps,0.6,0.7,0.9,21.0,,,
2017-05-04T17:49:52.000Z,58.397705,26.755729,78.5999984741211,4.0,341.0,2.25,19,gps,0.6,0.7,0.9,21.0,,,
2017-05-04T17:49:53.000Z,58.397728,26.755707,77.30000305175781,4.0,338.5,2.25,19,gps,0.6,0.7,0.9,21.0,,,
2017-05-04T17:49:54.000Z,58.397751,26.755687,77.80000305175781,4.0,338.1,2.25,19,gps,0.6,0.7,0.9,21.0,,,IN_VEHICLE
2017-05-04T17:49:55.000Z,58.397778,26.755664,77.0,4.0,338.1,2.75,19,gps,0.7,0.7,1.0,21.0,,,
2017-05-04T17:49:56.000Z,58.397806,26.755643,77.0999984741211,4.0,338.7,2.75,19,gps,0.7,0.7,1.0,21.0,,,
2017-05-04T17:49:57.000Z,58.397832,26.755622,77.19999694824219,4.0,339.1,2.75,19,gps,0.7,0.7,1.0,21.0,,,
2017-05-04T17:49:58.000Z,58.397858,26.755602,76.30000305175781,4.0,339.5,3.0,19,gps,0.7,0.7,0.9,21.0,,,IN_VEHICLE
2017-05-04T17:49:59.000Z,58.397884,26.755582,76.69999694824219,4.0,339.9,3.0,19,gps,0.7,0.7,0.9,21.0,,,
2017-05-04T17:50:00.000Z,58.397911,26.755562,76.30000305175781,4.0,340.1,3.0,19,gps,0.7,0.7,0.9,21.0,,,
2017-05-04T17:50:01.000Z,58.397937,26.755542,76.0999984741211,4.0,340.0,3.0,19,gps,0.7,0.7,0.9,21.0,,,
2017-05-04T17:50:02.000Z,58.397964,26.755522,75.9000015258789,4.0,340.0,3.0,19,gps,0.6,0.7,0.9,21.0,,,IN_VEHICLE
2017-05-04T17:50:03.000Z,58.397990,26.755502,76.19999694824219,4.0,339.9,3.0,19,gps,0.6,0.7,0.9,21.0,,,
2017-05-04T17:50:04.000Z,58.398017,26.755483,76.69999694824219,4.0,341.1,3.0,19,gps,0.7,0.7,1.0,21.0,,,
2017-05-04T17:50:05.000Z,58.398045,26.755464,76.5999984741211,4.0,341.1,3.0,19,gps,0.7,0.7,1.0,21.0,,,
2017-05-04T17:50:06.000Z,58.398073,26.755446,76.0,4.0,341.4,3.0,19,gps,0.7,0.7,1.0,21.0,,,IN_VEHICLE
2017-05-04T17:50:07.000Z,58.398102,26.755427,77.0999984741211,4.0,340.7,3.0,19,gps,0.6,0.7,0.9,21.0,,,
2017-05-04T17:50:08.000Z,58.398131,26.755409,77.4000015258789,4.0,340.8,3.0,19,gps,0.6,0.7,0.9,21.0,,,
2017-05-04T17:50:09.000Z,58.398162,26.755391,76.80000305175781,4.0,341.5,3.25,19,gps,0.6,0.7,0.9,21.0,,,
2017-05-04T17:50:10.000Z,58.398197,26.755371,76.80000305175781,4.0,342.2,3.75,19,gps,0.7,0.7,0.9,21.0,,,IN_VEHICLE
2017-05-04T17:50:11.000Z,58.398232,26.755351,77.0999984741211,4.0,342.1,3.75,19,gps,0.7,0.7,1.0,21.0,,,
2017-05-04T17:50:12.000Z,58.398265,26.755329,76.9000015258789,4.0,341.7,3.75,19,gps,0.7,0.7,1.0,21.0,,,
2017-05-04T17:50:13.000Z,58.398297,26.755308,76.5999984741211,4.0,341.2,3.75,19,gps,0.7,0.7,1.0,21.0,,,
2017-05-04T17:50:14.000Z,58.398329,26.755287,76.19999694824219,4.0,341.2,3.75,19,gps,0.7,0.7,1.0,21.0,,,IN_VEHICLE
2017-05-04T17:50:15.000Z,58.398360,26.755265,76.80000305175781,4.0,341.0,3.75,19,gps,0.7,0.7,1.0,21.0,,,
2017-05-04T17:50:16.000Z,58.398392,26.755242,76.5999984741211,4.0,340.9,3.75,19,gps,0.6,0.7,0.9,21.0,,,
2017-05-04T17:50:17.000Z,58.398425,26.755220,77.0,4.0,340.8,3.75,19,gps,0.6,0.7,0.9,21.0,,,
2017-05-04T17:50:18.000Z,58.398457,26.755197,77.9000015258789,4.0,340.8,3.75,19,gps,0.6,0.7,0.9,21.0,,,IN_VEHICLE
2017-05-04T17:50:19.000Z,58.398489,26.755174,78.0,4.0,340.7,3.75,19,gps,0.6,0.7,0.9,21.0,,,
2017-05-04T17:50:20.000Z,58.398521,26.755152,78.69999694824219,4.0,341.0,3.75,19,gps,0.6,0.7,0.9,21.0,,,
2017-05-04T17:50:21.000Z,58.398554,26.755129,78.5999984741211,4.0,340.9,3.75,17,gps,0.7,0.7,0.9,21.0,,,
2017-05-04T17:50:22.000Z,58.398587,26.755107,78.80000305175781,4.0,340.6,3.75,17,gps,0.7,0.7,0.9,21.0,,,IN_VEHICLE
2017-05-04T17:50:23.000Z,58.398620,26.755084,78.4000015258789,4.0,340.4,3.75,17,gps,0.7,0.7,1.0,21.0,,,
2017-05-04T17:50:24.000Z,58.398653,26.755062,79.0999984741211,5.0,340.7,3.75,17,gps,0.7,0.7,1.0,21.0,,,
2017-05-04T17:50:25.000Z,58.398687,26.755039,79.0999984741211,5.0,341.0,3.75,17,gps,0.7,0.7,1.0,21.0,,,
2017-05-04T17:50:26.000Z,58.398720,26.755017,79.0,4.0,340.8,3.75,17,gps,0.7,0.7,1.0,21.0,,,IN_VEHICLE
2017-05-04T17:50:27.000Z,58.398752,26.754993,79.0,4.0,340.5,3.75,17,gps,0.6,0.7,0.9,21.0,,,
2017-05-04T17:50:28.000Z,58.398785,26.754970,78.69999694824219,5.0,340.1,3.75,19,gps,0.7,0.7,1.0,21.0,,,
2017-05-04T17:50:29.000Z,58.398818,26.754947,78.80000305175781,10.0,339.9,3.75,19,gps,0.6,0.7,0.9,21.0,,,
2017-05-04T17:50:30.000Z,58.398854,26.754923,80.0999984741211,10.0,340.2,3.75,19,gps,0.6,0.7,0.9,21.0,,,IN_VEHICLE
2017-05-04T17:50:31.000Z,58.398888,26.754901,79.5999984741211,10.0,340.3,3.75,19,gps,0.6,0.7,0.9,21.0,,,
2017-05-04T17:50:32.000Z,58.398922,26.754877,79.30000305175781,9.0,340.4,4.0,19,gps,0.6,0.7,0.9,21.0,,,
2017-05-04T17:50:33.000Z,58.398955,26.754853,78.9000015258789,9.0,340.3,3.75,19,gps,0.6,0.7,0.9,21.0,,,
2017-05-04T17:50:34.000Z,58.398990,26.754830,79.5999984741211,9.0,340.3,4.0,19,gps,0.6,0.7,0.9,21.0,,,IN_VEHICLE
2017-05-04T17:50:35.000Z,58.399023,26.754806,79.5,9.0,339.8,4.0,19,gps,0.6,0.7,0.9,21.0,,,
2017-05-04T17:50:36.000Z,58.399057,26.754783,79.5999984741211,9.0,339.9,4.0,19,gps,0.6,0.7,0.9,21.0,,,
2017-05-04T17:50:37.000Z,58.399090,26.754759,78.9000015258789,9.0,339.9,4.0,19,gps,0.6,0.7,0.9,21.0,,,
2017-05-04T17:50:38.000Z,58.399123,26.754737,78.80000305175781,9.0,341.0,4.0,19,gps,0.6,0.7,0.9,21.0,,,IN_VEHICLE
2017-05-04T17:50:39.000Z,58.399156,26.754716,78.80000305175781,9.0,341.2,4.0,19,gps,0.6,0.7,0.9,21.0,,,
2017-05-04T17:50:40.000Z,58.399195,26.754693,78.4000015258789,9.0,341.4,4.25,19,gps,0.6,0.7,0.9,21.0,,,
2017-05-04T17:50:41.000Z,58.399235,26.754670,78.5,10.0,341.2,4.5,19,gps,0.6,0.7,0.9,21.0,,,
2017-05-04T17:50:42.000Z,58.399274,26.754647,78.9000015258789,10.0,341.1,4.5,19,gps,0.6,0.7,0.9,21.0,,,IN_VEHICLE
2017-05-04T17:50:43.000Z,58.399314,26.754625,79.0999984741211,10.0,341.2,4.5,19,gps,0.6,0.7,0.9,21.0,,,
2017-05-04T17:50:44.404Z,58.399372,26.754593,79.19999694824219,9.0,341.0,4.5,19,gps,0.6,0.7,0.9,21.0,,,
2017-05-04T17:50:46.000Z,58.399433,26.754552,79.5,9.0,340.1,4.5,19,gps,0.6,0.7,0.9,21.0,,,IN_VEHICLE
2017-05-04T17:50:47.000Z,58.399470,26.754527,79.69999694824219,9.0,339.8,4.25,19,gps,0.6,0.7,0.9,21.0,,,
2017-05-04T17:50:48.000Z,58.399506,26.754502,79.0,9.0,339.5,4.25,19,gps,0.7,0.7,0.9,21.0,,,
2017-05-04T17:50:49.000Z,58.399541,26.754478,78.9000015258789,9.0,339.8,4.25,19,gps,0.7,0.7,0.9,21.0,,,
2017-05-04T17:50:50.000Z,58.399577,26.754454,79.30000305175781,9.0,340.0,4.25,19,gps,0.7,0.7,0.9,21.0,,,IN_VEHICLE
2017-05-04T17:50:51.000Z,58.399613,26.754429,79.4000015258789,10.0,340.2,4.25,19,gps,0.6,0.7,0.9,21.0,,,
2017-05-04T17:50:52.000Z,58.399649,26.754405,79.19999694824219,9.0,339.9,4.25,19,gps,0.6,0.7,0.9,21.0,,,
2017-05-04T17:50:53.000Z,58.399684,26.754380,79.4000015258789,10.0,339.2,4.25,19,gps,0.6,0.7,0.9,21.0,,,
2017-05-04T17:50:54.000Z,58.399720,26.754355,79.30000305175781,10.0,338.6,4.25,19,gps,0.6,0.7,0.9,21.0,,,IN_VEHICLE
2017-05-04T17:50:55.000Z,58.399756,26.754329,79.5,10.0,338.3,4.25,19,gps,0.6,0.7,0.9,21.0,,,
2017-05-04T17:50:56.000Z,58.399793,26.754304,79.69999694824219,10.0,338.7,4.25,19,gps,0.6,0.7,0.9,21.0,,,
2017-05-04T17:50:57.000Z,58.399827,26.754280,79.5999984741211,10.0,339.0,4.25,19,gps,0.6,0.7,0.9,21.0,,,
2017-05-04T17:50:58.000Z,58.399862,26.754256,79.5999984741211,10.0,339.4,4.25,19,gps,0.6,0.7,0.9,21.0,,,IN_VEHICLE
2017-05-04T17:50:59.000Z,58.399896,26.754232,79.80000305175781,10.0,339.1,4.0,19,gps,0.6,0.7,0.9,21.0,,,
2017-05-04T17:51:00.000Z,58.399930,26.754208,79.80000305175781,10.0,338.9,4.0,19,gps,0.6,0.7,0.9,21.0,,,
2017-05-04T17:51:01.000Z,58.399966,26.754183,80.19999694824219,10.0,339.1,4.0,19,gps,0.6,0.7,0.9,21.0,,,
2017-05-04T17:51:02.000Z,58.400001,26.754157,80.0,10.0,339.2,4.25,19,gps,0.6,0.7,0.9,21.0,,,IN_VEHICLE
2017-05-04T17:51:03.000Z,58.400036,26.754132,80.0,10.0,339.3,4.25,19,gps,0.6,0.7,0.9,21.0,,,
2017-05-04T17:51:04.000Z,58.400072,26.754107,80.0,10.0,339.2,4.25,19,gps,0.6,0.7,0.9,21.0,,,
2017-05-04T17:51:05.000Z,58.400109,26.754080,80.30000305175781,10.0,339.2,4.25,19,gps,0.6,0.7,0.9,21.0,,,
2017-05-04T17:51:06.000Z,58.400146,26.754054,80.4000015258789,10.0,339.2,4.25,19,gps,0.6,0.7,0.9,21.0,,,IN_VEHICLE
2017-05-04T17:51:07.000Z,58.400183,26.754029,80.5,9.0,339.6,4.25,19,gps,0.6,0.7,0.9,21.0,,,
2017-05-04T17:51:08.000Z,58.400222,26.754005,80.4000015258789,10.0,339.9,4.25,19,gps,0.6,0.7,0.9,21.0,,,
2017-05-04T17:51:09.000Z,58.400261,26.753979,80.5,10.0,340.2,4.25,19,gps,0.6,0.7,0.9,21.0,,,
2017-05-04T17:51:10.000Z,58.400300,26.753954,80.5999984741211,10.0,340.1,4.25,19,gps,0.6,0.7,0.9,21.0,,,IN_VEHICLE
2017-05-04T17:51:11.000Z,58.400338,26.753929,80.5,10.0,339.9,4.25,19,gps,0.6,0.7,0.9,21.0,,,
2017-05-04T17:51:12.000Z,58.400376,26.753903,80.80000305175781,10.0,339.7,4.25,19,gps,0.6,0.7,0.9,21.0,,,
2017-05-04T17:51:13.000Z,58.400414,26.753876,81.0999984741211,10.0,339.7,4.25,19,gps,0.6,0.7,0.9,21.0,,,
2017-05-04T17:51:14.000Z,58.400453,26.753849,81.0999984741211,10.0,340.0,4.25,19,gps,0.7,0.7,0.9,21.0,,,IN_VEHICLE
2017-05-04T17:51:15.000Z,58.400491,26.753823,81.4000015258789,10.0,340.2,4.25,19,gps,0.6,0.7,0.9,21.0,,,
2017-05-04T17:51:16.000Z,58.400530,26.753796,81.5,10.0,340.0,4.25,19,gps,0.6,0.7,0.9,21.0,,,
2017-05-04T17:51:17.000Z,58.400570,26.753770,81.4000015258789,10.0,340.8,4.25,19,gps,0.6,0.7,0.9,21.0,,,
2017-05-04T17:51:18.000Z,58.400610,26.753744,81.30000305175781,10.0,341.2,4.25,19,gps,0.7,0.7,1.0,21.0,,,IN_VEHICLE
2017-05-04T17:51:19.000Z,58.400651,26.753720,81.19999694824219,10.0,342.0,4.25,19,gps,0.6,0.7,0.9,21.0,,,
2017-05-04T17:51:20.000Z,58.400696,26.753692,80.69999694824219,10.0,341.6,4.75,19,gps,0.6,0.7,0.9,21.0,,,
2017-05-04T17:51:21.000Z,58.400742,26.753664,81.0999984741211,9.0,341.4,4.75,19,gps,0.7,0.7,1.0,21.0,,,
2017-05-04T17:51:22.000Z,58.400785,26.753635,81.80000305175781,10.0,341.1,4.75,19,gps,0.7,0.7,1.0,21.0,,,IN_VEHICLE
2017-05-04T17:51:23.000Z,58.400824,26.753608,81.0999984741211,9.0,340.8,4.75,19,gps,0.7,0.7,1.0,21.0,,,
2017-05-04T17:51:24.000Z,58.400863,26.753580,81.0999984741211,10.0,340.2,4.5,19,gps,0.7,0.7,1.0,21.0,,,
2017-05-04T17:51:25.000Z,58.400901,26.753553,82.0999984741211,10.0,339.5,4.5,19,gps,0.7,0.7,1.0,21.0,,,
2017-05-04T17:51:26.000Z,58.400940,26.753525,82.0,10.0,339.3,4.5,19,gps,0.7,0.7,1.0,21.0,,,IN_VEHICLE
2017-05-04T17:51:27.000Z,58.400980,26.753498,82.80000305175781,10.0,339.5,4.5,19,gps,0.6,0.7,0.9,21.0,,,
2017-05-04T17:51:28.000Z,58.401021,26.753472,82.5999984741211,10.0,340.4,4.5,19,gps,0.6,0.7,0.9,21.0,,,
2017-05-04T17:51:29.000Z,58.401059,26.753445,82.4000015258789,10.0,339.3,4.5,19,gps,0.6,0.7,0.9,21.0,,,
2017-05-04T17:51:30.000Z,58.401097,26.753417,82.69999694824219,10.0,338.4,4.5,19,gps,0.6,0.7,0.9,21.0,,,IN_VEHICLE
2017-05-04T17:51:31.000Z,58.401133,26.753390,82.4000015258789,10.0,338.6,4.5,19,gps,0.6,0.7,0.9,21.0,,,
2017-05-04T17:51:32.000Z,58.401170,26.753365,82.4000015258789,9.0,339.3,4.5,19,gps,0.6,0.7,0.9,21.0,,,
2017-05-04T17:51:33.000Z,58.401207,26.753341,82.69999694824219,9.0,340.1,4.5,19,gps,0.6,0.7,0.9,21.0,,,
2017-05-04T17:51:34.000Z,58.401243,26.753317,82.69999694824219,9.0,340.0,4.5,19,gps,0.7,0.7,1.0,21.0,,,IN_VEHICLE
2017-05-04T17:51:35.000Z,58.401279,26.753294,83.0,10.0,340.8,4.5,19,gps,0.7,0.7,1.0,21.0,,,
2017-05-04T17:51:36.000Z,58.401315,26.753270,83.0999984741211,10.0,340.4,4.25,19,gps,0.6,0.7,0.9,21.0,,,
2017-05-04T17:51:37.000Z,58.401351,26.753245,83.5,10.0,340.5,4.25,19,gps,0.6,0.7,0.9,21.0,,,
2017-05-04T17:51:38.000Z,58.401387,26.753221,82.19999694824219,9.0,340.8,4.25,19,gps,0.6,0.7,0.9,21.0,,,IN_VEHICLE
2017-05-04T17:51:39.000Z,58.401424,26.753199,82.5999984741211,9.0,341.8,4.25,19,gps,0.6,0.7,0.9,21.0,,,
2017-05-04T17:51:40.000Z,58.401460,26.753175,82.0999984741211,9.0,341.0,4.25,19,gps,0.6,0.7,0.9,21.0,,,
2017-05-04T17:51:41.000Z,58.401497,26.753151,83.30000305175781,10.0,340.5,4.25,19,gps,0.6,0.7,0.9,21.0,,,
2017-05-04T17:51:42.000Z,58.401532,26.753126,83.0999984741211,9.0,340.0,4.25,19,gps,0.6,0.7,0.9,21.0,,,IN_VEHICLE
2017-05-04T17:51:43.000Z,58.401570,26.753100,83.0999984741211,9.0,340.1,4.5,19,gps,0.6,0.7,0.9,21.0,,,
2017-05-04T17:51:44.000Z,58.401610,26.753074,83.5,9.0,340.6,4.5,19,gps,0.6,0.7,0.9,21.0,,,
2017-05-04T17:51:45.000Z,58.401648,26.753049,84.19999694824219,10.0,340.6,4.5,19,gps,0.6,0.7,0.9,21.0,,,
2017-05-04T17:51:46.000Z,58.401686,26.753022,84.0,10.0,340.2,4.5,19,gps,0.6,0.7,0.9,21.0,,,IN_VEHICLE
2017-05-04T17:51:47.000Z,58.401725,26.752994,84.9000015258789,10.0,339.6,4.5,19,gps,0.6,0.7,0.9,21.0,,,
2017-05-04T17:51:48.000Z,58.401763,26.752967,84.69999694824219,10.0,339.7,4.5,19,gps,0.6,0.7,0.9,21.0,,,
2017-05-04T17:51:49.000Z,58.401802,26.752939,85.30000305175781,10.0,339.8,4.5,19,gps,0.7,0.7,1.0,21.0,,,
2017-05-04T17:51:50.000Z,58.401844,26.752904,84.0999984741211,10.0,339.5,4.5,17,gps,0.7,0.7,1.0,21.0,,,IN_VEHICLE
2017-05-04T17:51:51.000Z,58.401886,26.752877,84.0999984741211,10.0,340.4,4.75,17,gps,0.7,0.7,1.0,21.0,,,
2017-05-04T17:51:52.000Z,58.401931,26.752841,84.0999984741211,9.0,339.0,4.75,17,gps,0.6,0.7,0.9,21.0,,,
2017-05-04T17:51:53.000Z,58.401970,26.752814,84.30000305175781,9.0,339.7,4.75,17,gps,0.6,0.7,0.9,21.0,,,
2017-05-04T17:51:54.000Z,58.402012,26.752786,84.5,10.0,342.0,4.75,17,gps,0.6,0.7,0.9,21.0,,,IN_VEHICLE
2017-05-04T17:51:55.000Z,58.402047,26.752758,85.4000015258789,10.0,338.9,4.5,17,gps,0.6,0.7,0.9,21.0,,,
2017-05-04T17:51:56.000Z,58.402086,26.752734,85.0999984741211,9.0,340.3,4.5,17,gps,0.6,0.7,0.9,21.0,,,
2017-05-04T17:51:57.000Z,58.402120,26.752711,85.19999694824219,10.0,340.0,4.25,17,gps,0.6,0.7,0.9,21.0,,,
2017-05-04T17:51:58.000Z,58.402162,26.752691,84.5999984741211,9.0,342.3,4.5,17,gps,0.6,0.7,0.9,21.0,,,IN_VEHICLE
2017-05-04T17:51:59.404Z,58.402209,26.752652,84.0,9.0,340.2,4.5,17,gps,0.6,0.7,0.9,21.0,,,
2017-05-04T17:52:01.000Z,58.402269,26.752608,84.4000015258789,9.0,339.0,4.5,17,gps,0.6,0.7,0.9,21.0,,,
2017-05-04T17:52:02.000Z,58.402306,26.752580,84.5,9.0,339.2,4.5,17,gps,0.6,0.7,0.9,21.0,,,IN_VEHICLE
2017-05-04T17:52:03.000Z,58.402342,26.752552,84.5999984741211,9.0,338.8,4.5,17,gps,0.6,0.7,0.9,21.0,,,
2017-05-04T17:52:04.000Z,58.402378,26.752524,84.69999694824219,9.0,338.8,4.5,17,gps,0.6,0.7,0.9,21.0,,,
2017-05-04T17:52:05.000Z,58.402414,26.752496,84.19999694824219,9.0,339.2,4.5,17,gps,0.6,0.7,0.9,21.0,,,
2017-05-04T17:52:06.000Z,58.402452,26.752470,83.4000015258789,9.0,339.3,4.5,17,gps,0.6,0.7,0.9,21.0,,,IN_VEHICLE
2017-05-04T17:52:07.000Z,58.402490,26.752444,83.19999694824219,9.0,339.8,4.5,17,gps,0.6,0.7,0.9,21.0,,,
2017-05-04T17:52:08.000Z,58.402529,26.752420,82.30000305175781,9.0,340.5,4.5,17,gps,0.6,0.7,0.9,21.0,,,
2017-05-04T17:52:09.000Z,58.402567,26.752396,81.4000015258789,9.0,341.3,4.5,17,gps,0.6,0.7,0.9,21.0,,,
2017-05-04T17:52:10.000Z,58.402606,26.752370,81.80000305175781,9.0,340.6,4.5,17,gps,0.6,0.7,0.9,21.0,,,IN_VEHICLE
2017-05-04T17:52:11.000Z,58.402650,26.752346,81.4000015258789,9.0,341.7,4.75,17,gps,0.7,0.7,1.0,21.0,,,
2017-05-04T17:52:12.000Z,58.402691,26.752320,81.5999984741211,9.0,339.7,5.0,17,gps,0.8,0.7,1.0,21.0,,,
2017-05-04T17:52:13.000Z,58.402736,26.752293,81.69999694824219,9.0,341.1,5.0,17,gps,0.8,0.7,1.0,21.0,,,
2017-05-04T17:52:14.000Z,58.402785,26.752259,82.0,9.0,340.4,5.0,17,gps,0.8,0.7,1.0,21.0,,,IN_VEHICLE
2017-05-04T17:52:15.000Z,58.402826,26.752232,81.80000305175781,9.0,338.9,5.0,17,gps,0.8,0.7,1.0,21.0,,,
2017-05-04T17:52:16.000Z,58.402867,26.752199,82.0,9.0,340.9,5.25,17,gps,0.7,0.7,1.0,21.0,,,
2017-05-04T17:52:17.000Z,58.402906,26.752168,82.0999984741211,9.0,339.2,5.25,16,gps,0.6,0.7,0.9,21.0,,,
2017-05-04T17:52:18.000Z,58.402951,26.752134,82.9000015258789,9.0,337.9,5.25,16,gps,0.6,0.7,0.9,21.0,,,IN_VEHICLE
2017-05-04T17:52:19.000Z,58.402994,26.752102,82.5999984741211,10.0,338.6,5.0,16,gps,0.6,0.7,0.9,21.0,,,
2017-05-04T17:52:20.000Z,58.403038,26.752073,82.80000305175781,9.0,337.6,5.0,16,gps,0.6,0.7,0.9,21.0,,,
2017-05-04T17:52:21.000Z,58.403083,26.752046,82.19999694824219,9.0,340.6,5.25,16,gps,0.6,0.7,0.9,21.0,,,
2017-05-04T17:52:22.000Z,58.403127,26.752015,82.30000305175781,9.0,340.5,5.0,16,gps,0.6,0.7,0.9,21.0,,,IN_VEHICLE
2017-05-04T17:52:23.000Z,58.403167,26.751989,82.0,9.0,341.3,5.0,16,gps,0.6,0.7,0.9,21.0,,,
2017-05-04T17:52:24.000Z,58.403212,26.751961,81.80000305175781,9.0,340.0,5.0,16,gps,0.7,0.7,1.0,21.0,,,
2017-05-04T17:52:25.000Z,58.403256,26.751935,81.80000305175781,9.0,340.9,4.75,16,gps,0.7,0.7,1.0,21.0,,,
2017-05-04T17:52:26.000Z,58.403297,26.751904,81.80000305175781,9.0,339.2,4.5,16,gps,0.7,0.7,1.0,21.0,,,IN_VEHICLE
2017-05-04T17:52:27.000Z,58.403335,26.751877,81.69999694824219,9.0,341.0,4.5,16,gps,0.7,0.7,1.0,21.0,,,
2017-05-04T17:52:28.000Z,58.403378,26.751840,82.4000015258789,9.0,338.7,4.75,16,gps,0.7,0.7,1.0,21.0,,,
2017-05-04T17:52:29.000Z,58.403416,26.751815,82.4000015258789,9.0,339.1,4.75,16,gps,0.6,0.7,0.9,21.0,,,
2017-05-04T17:52:30.000Z,58.403456,26.751787,82.19999694824219,9.0,339.1,4.75,16,gps,0.7,0.7,1.0,21.0,,,IN_VEHICLE
2017-05-04T17:52:31.000Z,58.403496,26.751758,82.5999984741211,9.0,340.1,4.75,16,gps,0.6,0.7,0.9,21.0,,,
2017-05-04T17:52:32.000Z,58.403534,26.751735,82.5,9.0,341.7,4.5,16,gps,0.6,0.7,0.9,21.0,,,
2017-05-04T17:52:33.000Z,58.403570,26.751711,82.4000015258789,9.0,340.4,4.25,16,gps,0.6,0.7,0.9,21.0,,,
2017-05-04T17:52:34.000Z,58.403606,26.751686,82.0,9.0,339.9,4.25,16,gps,0.6,0.7,0.9,21.0,,,IN_VEHICLE
2017-05-04T17:52:35.000Z,58.403641,26.751662,82.19999694824219,9.0,340.7,4.25,16,gps,0.6,0.7,0.9,21.0,,,
2017-05-04T17:52:36.000Z,58.403675,26.751640,81.9000015258789,9.0,340.4,4.25,16,gps,0.7,0.7,1.0,21.0,,,
2017-05-04T17:52:37.000Z,58.403710,26.751616,82.30000305175781,9.0,340.6,4.25,16,gps,0.8,0.7,1.0,21.0,,,
2017-05-04T17:52:38.000Z,58.403746,26.751591,82.0,10.0,339.9,4.25,16,gps,0.8,0.7,1.0,21.0,,,IN_VEHICLE
2017-05-04T17:52:39.000Z,58.403782,26.751568,82.5,10.0,340.9,4.25,16,gps,0.8,0.7,1.0,21.0,,,
2017-05-04T17:52:40.000Z,58.403820,26.751546,82.5999984741211,10.0,342.2,4.25,16,gps,0.8,0.7,1.0,21.0,,,
2017-05-04T17:52:41.000Z,58.403858,26.751525,82.4000015258789,10.0,343.0,4.25,16,gps,0.7,0.7,1.0,21.0,,,
2017-05-04T17:52:42.000Z,58.403896,26.751503,81.69999694824219,9.0,342.3,4.25,16,gps,0.6,0.7,0.9,21.0,,,IN_VEHICLE
2017-05-04T17:52:43.000Z,58.403932,26.751480,81.80000305175781,10.0,342.1,4.25,16,gps,0.6,0.7,0.9,21.0,,,
2017-05-04T17:52:44.000Z,58.403968,26.751458,81.69999694824219,9.0,342.1,4.25,16,gps,0.7,0.7,1.0,21.0,,,
2017-05-04T17:52:45.000Z,58.404003,26.751434,81.9000015258789,10.0,341.9,4.25,17,gps,0.7,0.7,1.0,21.0,,,
2017-05-04T17:52:46.000Z,58.404038,26.751410,82.0999984741211,10.0,341.4,4.25,17,gps,0.7,0.7,1.0,21.0,,,IN_VEHICLE
2017-05-04T17:52:47.000Z,58.404074,26.751386,82.30000305175781,10.0,341.6,4.25,17,gps,0.6,0.7,0.9,21.0,,,
2017-05-04T17:52:48.000Z,58.404110,26.751364,82.0999984741211,10.0,342.6,4.25,17,gps,0.6,0.7,0.9,21.0,,,
2017-05-04T17:52:49.000Z,58.404146,26.751343,82.19999694824219,10.0,342.9,4.25,17,gps,0.7,0.7,1.0,21.0,,,
2017-05-04T17:52:50.000Z,58.404184,26.751324,82.5,10.0,343.6,4.25,17,gps,0.7,0.7,1.0,21.0,,,IN_VEHICLE
2017-05-04T17:52:51.000Z,58.404214,26.751306,83.19999694824219,10.0,343.4,4.25,17,gps,0.7,0.7,1.0,21.0,,,
2017-05-04T17:52:52.000Z,58.404249,26.751288,83.69999694824219,10.0,343.9,4.25,17,gps,0.8,0.7,1.0,21.0,,,
2017-05-04T17:52:53.000Z,58.404285,26.751271,83.80000305175781,10.0,344.1,4.25,17,gps,0.7,0.7,1.0,21.0,,,
2017-05-04T17:52:54.000Z,58.404320,26.751254,84.0,10.0,345.2,4.25,17,gps,0.9,0.7,1.1,21.0,,,IN_VEHICLE
2017-05-04T17:52:55.000Z,58.404355,26.751244,83.80000305175781,10.0,347.5,4.25,17,gps,0.7,0.7,1.0,21.0,,,
2017-05-04T17:52:56.000Z,58.404388,26.751237,83.80000305175781,10.0,350.0,4.0,17,gps,0.7,0.7,1.0,21.0,,,
2017-05-04T17:52:57.000Z,58.404381,26.751243,83.19999694824219,10.0,353.1,1.25,17,gps,0.7,0.7,1.0,21.0,,,
2017-05-04T17:52:58.000Z,58.404372,26.751248,83.4000015258789,10.0,355.7,0.75,17,gps,0.7,0.7,1.0,21.0,,,IN_VEHICLE
