time,lat,lon,elevation,accuracy,bearing,speed,satellites,provider,hdop,vdop,pdop,geoidheight,ageofdgpsdata,dgpsid,activity
2017-05-04T18:11:54.523Z,58.390229,26.729159,,23.698,,,0,network,,,,,,,UNKNOWN
2017-05-04T18:12:12.000Z,58.390089,26.729045,82.0,10.0,190.7,0.22825424,3,gps,,,,,,,
2017-05-04T18:12:13.000Z,58.390113,26.729044,87.0,5.0,330.0,0.29529646,3,gps,2.0,1.0,2.3,21.0,,,TILTING
2017-05-04T18:12:14.000Z,58.390184,26.729012,77.0,5.0,329.9,0.79075915,11,gps,0.6,0.7,0.9,21.0,,,UNKNOWN
2017-05-04T18:12:15.000Z,58.390201,26.728989,75.0,5.0,356.7,0.7723341,11,gps,0.6,0.7,0.9,21.0,,,
2017-05-04T18:12:16.000Z,58.390200,26.728974,76.0,4.0,356.7,1.0153325,11,gps,0.6,0.7,0.9,21.0,,,
2017-05-04T18:12:17.000Z,58.390182,26.728964,77.0,3.0,356.7,1.579177,11,gps,0.6,0.7,0.9,21.0,,,
2017-05-04T18:12:18.000Z,58.390160,26.728967,76.0,3.0,162.2,2.5114937,11,gps,0.6,0.7,0.9,21.0,,,
2017-05-04T18:12:19.000Z,58.390140,26.728973,77.0,3.0,175.5,1.8768325,11,gps,0.6,0.7,0.9,21.0,,,
2017-05-04T18:12:20.000Z,58.390130,26.728974,77.0,3.0,177.8,0.67007464,10,gps,0.6,0.7,0.9,21.0,,,
2017-05-04T18:12:21.288Z,58.390229,26.729159,,24.441,,,0,network,,,,,,,
2017-05-04T18:12:23.000Z,58.390126,26.728939,74.0,3.0,179.1,0.44721362,10,gps,0.6,0.7,0.9,21.0,,,
2017-05-04T18:12:24.000Z,58.390133,26.728925,74.0,3.0,,0.0,10,gps,0.6,0.7,0.9,21.0,,,
2017-05-04T18:12:25.000Z,58.390135,26.728921,74.0,3.0,,0.0,10,gps,0.6,0.7,0.9,21.0,,,
2017-05-04T18:12:26.000Z,58.390136,26.728919,74.0,3.0,,0.0,10,gps,0.6,0.7,0.9,21.0,,,
2017-05-04T18:12:27.000Z,58.390137,26.728918,74.0,3.0,,0.0,10,gps,0.6,0.7,0.9,21.0,,,
2017-05-04T18:12:28.000Z,58.390138,26.728916,74.0,3.0,,0.0,10,gps,0.6,0.7,1.0,21.0,,,
2017-05-04T18:12:29.000Z,58.390140,26.728912,74.0,3.0,,0.0,10,gps,0.6,0.7,1.0,21.0,,,
2017-05-04T18:12:30.000Z,58.390143,26.728910,73.0,3.0,,0.0,9,gps,0.6,0.7,1.0,21.0,,,
2017-05-04T18:12:31.000Z,58.390146,26.728909,73.0,3.0,,0.0,9,gps,0.7,0.7,1.0,21.0,,,
2017-05-04T18:12:32.000Z,58.390147,26.728907,73.0,3.0,,0.0,9,gps,0.7,0.7,1.0,21.0,,,
2017-05-04T18:12:33.000Z,58.390146,26.728907,73.0,3.0,,0.0,9,gps,0.7,0.7,1.0,21.0,,,ON_FOOT
2017-05-04T18:12:34.000Z,58.390147,26.728907,73.0,3.0,,0.0,9,gps,0.6,0.7,1.0,21.0,,,
2017-05-04T18:12:35.000Z,58.390147,26.728906,73.0,3.0,,0.0,9,gps,0.6,0.7,1.0,21.0,,,
2017-05-04T18:12:36.000Z,58.390144,26.728904,73.0,3.0,179.2,0.29427877,10,gps,0.6,0.7,1.0,21.0,,,
2017-05-04T18:12:37.000Z,58.390132,26.728896,73.0,3.0,191.6,1.4405555,10,gps,0.6,0.7,1.0,21.0,,,
2017-05-04T18:12:38.000Z,58.390112,26.728889,73.0,3.0,181.6,2.3971858,11,gps,0.6,0.7,1.0,21.0,,,
2017-05-04T18:12:39.000Z,58.390085,26.728881,73.0,3.0,183.7,2.98,11,gps,0.6,0.7,1.0,21.0,,,
2017-05-04T18:12:40.000Z,58.390056,26.728869,72.0,3.0,190.7,2.9133658,11,gps,0.6,0.7,0.9,21.0,,,
2017-05-04T18:12:41.000Z,58.390032,26.728849,72.0,3.0,198.3,2.670019,11,gps,0.6,0.7,0.9,21.0,,,
2017-05-04T18:12:42.000Z,58.390010,26.728827,72.0,3.0,203.4,2.4603252,10,gps,0.6,0.7,0.9,21.0,,,
2017-05-04T18:12:43.000Z,58.389992,26.728809,72.0,3.0,205.6,2.2400894,10,gps,0.6,0.7,0.9,21.0,,,
2017-05-04T18:12:44.000Z,58.389975,26.728790,72.0,3.0,207.8,2.090024,10,gps,0.6,0.7,0.9,21.0,,,
2017-05-04T18:12:45.000Z,58.389960,26.728773,72.0,3.0,208.4,2.000625,10,gps,0.6,0.7,0.9,21.0,,,
2017-05-04T18:12:46.000Z,58.389943,26.728756,72.0,3.0,208.3,2.0102239,10,gps,0.6,0.7,0.9,21.0,,,
2017-05-04T18:12:47.000Z,58.389930,26.728741,72.0,3.0,208.1,1.6200308,10,gps,0.6,0.7,0.9,21.0,,,
2017-05-04T18:12:48.000Z,58.389926,26.728733,72.0,3.0,208.2,0.46238512,10,gps,0.6,0.7,0.9,21.0,,,
2017-05-04T18:12:49.000Z,58.389929,26.728730,71.0,3.0,,0.0,10,gps,0.6,0.7,0.9,21.0,,,IN_VEHICLE
2017-05-04T18:12:50.000Z,58.389931,26.728725,71.0,3.0,,0.0,11,gps,0.6,0.7,0.9,21.0,,,
2017-05-04T18:12:52.000Z,58.389933,26.728722,71.0,3.0,,0.0,10,gps,0.6,0.7,1.0,21.0,,,
2017-05-04T18:12:53.000Z,58.389934,26.728721,71.0,3.0,,0.0,10,gps,0.6,0.7,1.0,21.0,,,
2017-05-04T18:12:54.000Z,58.389934,26.728721,71.0,3.0,,0.0,10,gps,0.6,0.7,1.0,21.0,,,
2017-05-04T18:12:55.000Z,58.389934,26.728721,71.0,3.0,,0.0,11,gps,0.6,0.7,0.9,21.0,,,
2017-05-04T18:12:56.000Z,58.389935,26.728719,71.0,3.0,,0.0,10,gps,0.6,0.7,0.9,21.0,,,
2017-05-04T18:12:57.000Z,58.389936,26.728717,71.0,3.0,,0.0,11,gps,0.6,0.7,0.9,21.0,,,
2017-05-04T18:12:58.000Z,58.389937,26.728714,71.0,3.0,,0.0,10,gps,0.6,0.7,0.9,21.0,,,
2017-05-04T18:12:59.000Z,58.389937,26.728713,71.0,3.0,,0.0,11,gps,0.6,0.7,0.9,21.0,,,
2017-05-04T18:13:00.000Z,58.389937,26.728712,71.0,3.0,,0.0,11,gps,0.6,0.7,0.9,21.0,,,
2017-05-04T18:13:01.000Z,58.389937,26.728712,71.0,3.0,,0.0,10,gps,0.6,0.7,0.9,21.0,,,
2017-05-04T18:13:02.000Z,58.389937,26.728712,71.0,3.0,,0.0,11,gps,0.6,0.7,0.9,21.0,,,
2017-05-04T18:13:03.000Z,58.389937,26.728712,71.0,3.0,,0.0,10,gps,0.6,0.7,0.9,21.0,,,
2017-05-04T18:13:04.000Z,58.389932,26.728710,71.0,3.0,209.5,0.43566042,11,gps,0.6,0.7,0.9,21.0,,,
2017-05-04T18:13:05.000Z,58.389920,26.728698,71.0,3.0,209.2,1.4389231,11,gps,0.6,0.7,0.9,21.0,,,
2017-05-04T18:13:06.000Z,58.389901,26.728679,72.0,3.0,209.8,2.3281322,11,gps,0.6,0.7,0.9,21.0,,,
2017-05-04T18:13:07.000Z,58.389876,26.728655,71.0,3.0,209.9,2.9133658,11,gps,0.6,0.7,0.9,21.0,,,
2017-05-04T18:13:08.000Z,58.389843,26.728621,72.0,3.0,209.8,4.2798367,11,gps,0.6,0.7,0.9,21.0,,,
2017-05-04T18:13:09.000Z,58.389808,26.728583,71.0,3.0,209.2,4.5515823,11,gps,0.6,0.7,0.9,21.0,,,
2017-05-04T18:13:10.000Z,58.389771,26.728543,71.0,3.0,208.4,4.861029,10,gps,0.6,0.7,0.9,21.0,,,
2017-05-04T18:13:11.000Z,58.389726,26.728497,70.0,3.0,207.5,5.7205596,10,gps,0.6,0.7,0.9,21.0,,,
2017-05-04T18:13:12.000Z,58.389669,26.728438,70.0,3.0,205.6,6.891045,12,gps,0.6,0.7,0.9,21.0,,,
2017-05-04T18:13:13.000Z,58.389606,26.728387,69.0,3.0,202.0,7.6837487,12,gps,0.6,0.7,0.9,21.0,,,
2017-05-04T18:13:14.000Z,58.389538,26.728336,68.0,3.0,200.9,8.109384,12,gps,0.6,0.7,0.9,21.0,,,
2017-05-04T18:13:15.724Z,58.389374,26.728464,,23.441,,,0,network,,,,,,,
2017-05-04T18:13:17.000Z,58.389309,26.728172,67.0,3.0,200.5,9.515051,10,gps,0.5,0.7,0.9,21.0,,,
2017-05-04T18:13:18.000Z,58.389228,26.728114,66.0,3.0,200.2,9.531595,9,gps,0.5,0.7,0.9,21.0,,,
2017-05-04T18:13:19.000Z,58.389147,26.728059,66.0,3.0,200.2,9.495062,9,gps,0.5,0.7,0.9,21.0,,,
2017-05-04T18:13:20.000Z,58.389066,26.728004,65.0,3.0,200.5,9.487217,9,gps,0.5,0.7,0.9,21.0,,,
2017-05-04T18:13:21.000Z,58.388984,26.727948,65.0,3.0,200.8,9.664657,9,gps,0.5,0.7,0.9,21.0,,,
2017-05-04T18:13:22.000Z,58.388904,26.727891,64.0,3.0,200.6,9.827741,10,gps,0.6,0.7,0.9,21.0,,,IN_VEHICLE
2017-05-04T18:13:23.000Z,58.388814,26.727830,64.0,3.0,200.5,10.59514,11,gps,0.6,0.7,0.9,21.0,,,
2017-05-04T18:13:24.000Z,58.388716,26.727763,63.0,3.0,200.0,11.340162,9,gps,0.6,0.7,0.9,21.0,,,
2017-05-04T18:13:25.000Z,58.388622,26.727697,62.0,3.0,200.5,11.485165,9,gps,0.6,0.7,0.9,21.0,,,
2017-05-04T18:13:26.000Z,58.388529,26.727627,61.0,3.0,201.2,11.452737,11,gps,0.6,0.7,0.9,21.0,,,
2017-05-04T18:13:27.000Z,58.388432,26.727559,61.0,3.0,200.2,11.389294,10,gps,0.6,0.7,0.9,21.0,,,
2017-05-04T18:13:28.000Z,58.388341,26.727495,60.0,3.0,200.2,11.359318,10,gps,0.6,0.7,0.9,21.0,,,
2017-05-04T18:13:29.000Z,58.388242,26.727425,60.0,3.0,200.1,11.331037,9,gps,0.6,0.7,0.9,21.0,,,
2017-05-04T18:13:30.000Z,58.388147,26.727359,59.0,3.0,200.4,11.205543,10,gps,0.7,0.8,1.0,21.0,,,
2017-05-04T18:13:31.000Z,58.388054,26.727294,58.0,3.0,200.6,10.93926,10,gps,0.7,0.8,1.0,21.0,,,
2017-05-04T18:13:32.000Z,58.387962,26.727229,58.0,3.0,200.8,10.711676,10,gps,0.7,0.8,1.0,21.0,,,
2017-05-04T18:13:33.000Z,58.387875,26.727168,57.0,3.0,200.1,10.25281,10,gps,0.7,0.8,1.0,21.0,,,
2017-05-04T18:13:34.000Z,58.387789,26.727114,56.0,3.0,198.7,9.925825,11,gps,0.7,0.8,1.0,21.0,,,
2017-05-04T18:13:35.000Z,58.387706,26.727063,56.0,3.0,197.9,9.641499,13,gps,0.6,0.7,1.0,21.0,,,
2017-05-04T18:13:36.000Z,58.387622,26.727013,56.0,3.0,197.1,9.930725,13,gps,0.6,0.7,0.9,21.0,,,
2017-05-04T18:13:37.000Z,58.387532,26.726959,56.0,3.0,196.9,10.430077,11,gps,0.6,0.7,0.9,21.0,,,
2017-05-04T18:13:38.000Z,58.387442,26.726904,56.0,3.0,196.6,10.59,9,gps,0.6,0.7,0.9,21.0,,,
2017-05-04T18:13:39.000Z,58.387352,26.726844,56.0,3.0,199.8,10.490043,11,gps,0.6,0.7,0.9,21.0,,,IN_VEHICLE
2017-05-04T18:13:40.000Z,58.387267,26.726776,56.0,3.0,202.3,10.170241,12,gps,0.6,0.7,0.9,21.0,,,
2017-05-04T18:13:41.000Z,58.387188,26.726698,56.0,3.0,206.8,9.940181,12,gps,0.6,0.7,0.9,21.0,,,
2017-05-04T18:13:42.000Z,58.387113,26.726617,56.0,3.0,210.2,9.700047,10,gps,0.6,0.7,0.9,21.0,,,
2017-05-04T18:13:43.000Z,58.387046,26.726526,56.0,3.0,213.3,9.280193,11,gps,0.6,0.7,1.0,21.0,,,
2017-05-04T18:13:44.000Z,58.386984,26.726433,55.0,3.0,216.6,9.170349,9,gps,0.6,0.7,1.0,21.0,,,
2017-05-04T18:13:45.000Z,58.386917,26.726331,55.0,3.0,219.2,9.360903,10,gps,0.6,0.7,1.0,21.0,,,
2017-05-04T18:13:46.000Z,58.386852,26.726233,55.0,3.0,218.8,9.410132,11,gps,0.6,0.7,1.0,21.0,,,
2017-05-04T18:13:47.000Z,58.386787,26.726137,55.0,3.0,216.8,9.210006,11,gps,0.6,0.7,1.0,21.0,,,
2017-05-04T18:13:48.000Z,58.386719,26.726048,55.0,3.0,215.3,9.02,12,gps,0.6,0.7,1.0,21.0,,,
2017-05-04T18:13:49.000Z,58.386651,26.725982,55.0,3.0,208.6,8.690005,12,gps,0.6,0.7,1.0,21.0,,,
2017-05-04T18:13:50.000Z,58.386577,26.725948,55.0,3.0,195.6,8.270152,12,gps,0.6,0.7,0.9,21.0,,,
2017-05-04T18:13:51.000Z,58.386505,26.725947,55.0,3.0,181.3,8.100747,12,gps,0.6,0.7,0.9,21.0,,,
2017-05-04T18:13:53.000Z,58.386379,26.726052,55.0,3.0,150.7,7.6300063,12,gps,0.6,0.7,0.9,21.0,,,
2017-05-04T18:13:54.000Z,58.386328,26.726135,55.0,3.0,139.8,7.4205456,11,gps,0.6,0.7,0.9,21.0,,,
2017-05-04T18:13:55.000Z,58.386285,26.726223,55.0,3.0,133.2,7.060028,13,gps,0.6,0.7,0.9,21.0,,,IN_VEHICLE
2017-05-04T18:13:56.000Z,58.386243,26.726309,55.0,3.0,132.8,6.750185,12,gps,0.6,0.7,0.9,21.0,,,
2017-05-04T18:13:57.000Z,58.386198,26.726381,55.0,3.0,138.0,6.5207667,12,gps,0.6,0.7,0.9,21.0,,,
2017-05-04T18:13:58.000Z,58.386147,26.726436,54.0,3.0,149.1,6.5106225,11,gps,0.5,0.7,0.9,21.0,,,
2017-05-04T18:13:59.000Z,58.386090,26.726469,54.0,3.0,161.9,6.8602624,11,gps,0.5,0.7,0.9,21.0,,,
2017-05-04T18:14:00.000Z,58.386030,26.726482,54.0,3.0,173.2,7.0515957,11,gps,0.5,0.7,0.9,21.0,,,
2017-05-04T18:14:01.000Z,58.385964,26.726474,54.0,3.0,183.6,7.000114,11,gps,0.5,0.7,0.9,21.0,,,
2017-05-04T18:14:02.000Z,58.385902,26.726461,54.0,3.0,186.5,7.140112,11,gps,0.5,0.7,0.9,21.0,,,
2017-05-04T18:14:03.000Z,58.385834,26.726447,54.0,3.0,185.9,7.9000063,11,gps,0.6,0.7,0.9,21.0,,,
2017-05-04T18:14:04.000Z,58.385755,26.726431,54.0,3.0,186.1,8.78,11,gps,0.6,0.7,0.9,21.0,,,
2017-05-04T18:14:05.000Z,58.385671,26.726410,54.0,3.0,186.9,9.53,11,gps,0.6,0.7,0.9,21.0,,,
2017-05-04T18:14:06.000Z,58.385579,26.726388,54.0,3.0,187.3,10.400019,11,gps,0.6,0.7,0.9,21.0,,,
2017-05-04T18:14:07.000Z,58.385485,26.726363,54.0,3.0,188.2,11.020164,12,gps,0.6,0.7,0.9,21.0,,,
2017-05-04T18:14:08.000Z,58.385383,26.726338,54.0,3.0,187.5,11.430355,12,gps,0.6,0.7,0.9,21.0,,,
2017-05-04T18:14:09.000Z,58.385276,26.726312,54.0,3.0,187.3,11.650017,12,gps,0.6,0.7,0.9,21.0,,,
2017-05-04T18:14:10.000Z,58.385173,26.726287,54.0,3.0,186.8,11.66,10,gps,0.6,0.7,0.9,21.0,,,
2017-05-04T18:14:11.000Z,58.385069,26.726261,54.0,3.0,186.9,12.230037,11,gps,0.6,0.7,0.9,21.0,,,IN_VEHICLE
2017-05-04T18:14:12.000Z,58.384955,26.726240,54.0,4.0,185.4,12.4,11,gps,0.6,0.7,0.9,21.0,,,
2017-05-04T18:14:14.000Z,58.384740,26.726243,54.0,3.0,176.2,11.840038,13,gps,0.6,0.7,0.9,21.0,,,
2017-05-04T18:14:15.000Z,58.384636,26.726261,54.0,3.0,173.7,12.010204,13,gps,0.5,0.7,0.9,21.0,,,
2017-05-04T18:14:16.000Z,58.384529,26.726297,53.0,3.0,169.1,12.051497,13,gps,0.5,0.7,0.9,21.0,,,
2017-05-04T18:14:17.000Z,58.384424,26.726343,53.0,3.0,165.9,12.061343,13,gps,0.5,0.7,0.9,21.0,,,
2017-05-04T18:14:18.000Z,58.384320,26.726403,53.0,3.0,161.8,12.110929,13,gps,0.5,0.7,0.9,21.0,,,
2017-05-04T18:14:19.000Z,58.384217,26.726468,53.0,3.0,160.4,11.9309435,13,gps,0.5,0.7,0.9,21.0,,,
2017-05-04T18:14:20.000Z,58.384113,26.726546,53.0,3.0,158.7,12.000338,12,gps,0.5,0.7,0.9,21.0,,,
2017-05-04T18:14:21.000Z,58.384017,26.726619,53.0,3.0,158.4,11.940066,13,gps,0.5,0.7,0.9,21.0,,,
2017-05-04T18:14:22.000Z,58.383919,26.726697,53.0,3.0,157.4,11.840714,12,gps,0.5,0.7,0.9,21.0,,,
2017-05-04T18:14:23.000Z,58.383817,26.726777,53.0,3.0,158.2,12.280147,12,gps,0.5,0.7,0.9,21.0,,,
2017-05-04T18:14:24.000Z,58.383711,26.726854,53.0,3.0,158.4,12.73,12,gps,0.5,0.7,0.9,21.0,,,
2017-05-04T18:14:25.000Z,58.383604,26.726933,54.0,3.0,158.5,12.680016,14,gps,0.5,0.7,0.9,21.0,,,
2017-05-04T18:14:26.000Z,58.383497,26.727017,54.0,3.0,158.1,12.800016,14,gps,0.5,0.7,0.9,21.0,,,
2017-05-04T18:14:27.000Z,58.383388,26.727103,54.0,3.0,157.7,13.1,14,gps,0.5,0.7,0.9,21.0,,,
2017-05-04T18:14:28.000Z,58.383275,26.727192,54.0,3.0,157.7,13.26006,13,gps,0.5,0.7,0.9,21.0,,,IN_VEHICLE
2017-05-04T18:14:29.000Z,58.383168,26.727276,54.0,3.0,158.2,13.210061,12,gps,0.5,0.7,0.9,21.0,,,
2017-05-04T18:14:30.000Z,58.383058,26.727362,54.0,3.0,158.3,13.210379,11,gps,0.5,0.7,0.9,21.0,,,
2017-05-04T18:14:31.000Z,58.382948,26.727448,54.0,3.0,157.9,13.070061,13,gps,0.5,0.7,0.9,21.0,,,
2017-05-04T18:14:32.000Z,58.382841,26.727532,55.0,3.0,158.1,12.660063,13,gps,0.5,0.7,0.9,21.0,,,
2017-05-04T18:14:33.000Z,58.382738,26.727610,55.0,3.0,158.3,12.23,14,gps,0.5,0.7,0.9,21.0,,,
2017-05-04T18:14:34.000Z,58.382639,26.727688,55.0,3.0,157.4,11.720005,14,gps,0.5,0.7,0.9,21.0,,,
2017-05-04T18:14:35.000Z,58.382544,26.727762,55.0,3.0,157.7,11.24,14,gps,0.5,0.7,0.9,21.0,,,
2017-05-04T18:14:36.000Z,58.382454,26.727829,54.0,3.0,158.4,10.7,12,gps,0.5,0.7,0.9,21.0,,,
2017-05-04T18:14:37.000Z,58.382365,26.727898,55.0,3.0,158.6,10.420019,12,gps,0.5,0.7,0.9,21.0,,,
2017-05-04T18:14:38.000Z,58.382279,26.727964,55.0,3.0,158.2,10.1100445,12,gps,0.5,0.7,0.9,21.0,,,
2017-05-04T18:14:39.000Z,58.382200,26.728027,55.0,3.0,157.7,9.320005,12,gps,0.6,0.7,0.9,21.0,,,
2017-05-04T18:14:40.000Z,58.382130,26.728081,55.0,3.0,157.8,7.930025,12,gps,0.5,0.7,0.9,21.0,,,
2017-05-04T18:14:41.000Z,58.382071,26.728129,55.0,3.0,157.6,6.6201205,12,gps,0.6,0.7,0.9,21.0,,,
2017-05-04T18:14:42.000Z,58.382022,26.728168,55.0,3.0,158.1,5.5303254,12,gps,0.6,0.7,0.9,21.0,,,
2017-05-04T18:14:43.000Z,58.381984,26.728199,56.0,3.0,157.5,4.52,12,gps,0.6,0.7,0.9,21.0,,,
2017-05-04T18:14:44.000Z,58.381952,26.728225,56.0,3.0,157.1,3.5602245,12,gps,0.6,0.7,0.9,21.0,,,IN_VEHICLE
2017-05-04T18:14:45.000Z,58.381929,26.728244,55.0,3.0,157.0,2.4729133,12,gps,0.6,0.7,0.9,21.0,,,
2017-05-04T18:14:46.000Z,58.381913,26.728255,56.0,3.0,157.1,1.7802527,12,gps,0.6,0.7,0.9,21.0,,,
2017-05-04T18:14:47.000Z,58.381903,26.728263,56.0,3.0,157.2,0.93,12,gps,0.6,0.7,0.9,21.0,,,
2017-05-04T18:14:48.000Z,58.381901,26.728266,56.0,3.0,,0.0,12,gps,0.6,0.7,0.9,21.0,,,
2017-05-04T18:14:49.000Z,58.381900,26.728269,56.0,3.0,,0.0,12,gps,0.6,0.7,0.9,21.0,,,
2017-05-04T18:14:50.000Z,58.381900,26.728269,56.0,3.0,,0.01,13,gps,0.6,0.7,0.9,21.0,,,
2017-05-04T18:14:51.000Z,58.381898,26.728272,56.0,3.0,157.2,0.28,13,gps,0.5,0.7,0.9,21.0,,,
2017-05-04T18:14:52.000Z,58.381892,26.728277,56.0,3.0,157.2,0.88,13,gps,0.5,0.7,0.9,21.0,,,
2017-05-04T18:14:54.000Z,58.381865,26.728299,57.0,3.0,155.3,2.1911185,14,gps,0.5,0.7,0.9,21.0,,,
2017-05-04T18:14:55.000Z,58.381843,26.728319,57.0,3.0,154.6,2.6806717,13,gps,0.5,0.7,0.9,21.0,,,
2017-05-04T18:14:56.000Z,58.381817,26.728345,57.0,4.0,154.6,3.270749,13,gps,0.5,0.7,0.9,21.0,,,
2017-05-04T18:14:57.000Z,58.381773,26.728384,57.0,3.0,157.4,5.290945,13,gps,0.5,0.7,0.9,21.0,,,
2017-05-04T18:14:58.000Z,58.381728,26.728421,57.0,3.0,157.8,5.51,12,gps,0.5,0.7,0.9,21.0,,,
2017-05-04T18:14:59.000Z,58.381678,26.728461,57.0,3.0,157.8,6.28,12,gps,0.5,0.7,0.9,21.0,,,
2017-05-04T18:15:00.000Z,58.381618,26.728513,57.0,3.0,157.1,7.3000617,12,gps,0.5,0.7,0.9,21.0,,,IN_VEHICLE
2017-05-04T18:15:01.000Z,58.381560,26.728572,57.0,3.0,152.0,7.54,12,gps,0.5,0.7,0.9,21.0,,,
2017-05-04T18:15:02.000Z,58.381499,26.728643,56.0,3.0,149.5,8.061396,12,gps,0.6,0.7,0.9,21.0,,,
2017-05-04T18:15:03.000Z,58.381433,26.728724,56.0,3.0,147.3,8.790961,12,gps,0.6,0.7,0.9,21.0,,,
2017-05-04T18:15:04.000Z,58.381368,26.728808,56.0,3.0,146.3,8.810051,12,gps,0.6,0.7,0.9,21.0,,,
2017-05-04T18:15:05.509Z,58.381877,26.729689,,39.869,,,0,network,,,,,,,
2017-05-04T18:15:07.000Z,58.381143,26.729098,56.0,3.0,145.9,10.670018,13,gps,0.6,0.7,0.9,21.0,,,
2017-05-04T18:15:09.000Z,58.380970,26.729324,57.0,3.0,146.8,11.7,11,gps,0.6,0.7,0.9,21.0,,,
2017-05-04T18:15:10.000Z,58.380887,26.729438,56.0,4.0,147.1,11.600276,11,gps,0.6,0.7,0.9,21.0,,,
2017-05-04T18:15:11.000Z,58.380799,26.729550,56.0,3.0,145.8,11.730153,11,gps,0.6,0.7,0.9,21.0,,,
2017-05-04T18:15:12.000Z,58.380713,26.729657,56.0,3.0,146.4,11.740425,11,gps,0.6,0.7,0.9,21.0,,,
2017-05-04T18:15:13.000Z,58.380624,26.729770,56.0,3.0,146.0,11.440109,11,gps,0.6,0.7,0.9,21.0,,,
2017-05-04T18:15:14.000Z,58.380541,26.729878,56.0,3.0,146.4,11.42011,11,gps,0.6,0.7,0.9,21.0,,,
2017-05-04T18:15:15.000Z,58.380455,26.729988,56.0,3.0,146.4,11.370005,12,gps,0.6,0.7,0.9,21.0,,,
2017-05-04T18:15:16.000Z,58.380369,26.730100,56.0,3.0,146.2,11.260666,12,gps,0.6,0.7,0.9,21.0,,,
2017-05-04T18:15:17.000Z,58.380286,26.730201,56.0,3.0,147.6,11.11583,13,gps,0.6,0.7,0.9,21.0,,,IN_VEHICLE
2017-05-04T18:15:18.000Z,58.380198,26.730295,56.0,3.0,151.6,11.229425,13,gps,0.6,0.7,0.9,21.0,,,
2017-05-04T18:15:19.000Z,58.380106,26.730371,57.0,3.0,157.2,11.239831,13,gps,0.5,0.7,0.9,21.0,,,
2017-05-04T18:15:20.000Z,58.380013,26.730428,57.0,4.0,160.0,11.2594,13,gps,0.5,0.7,0.9,21.0,,,
2017-05-04T18:15:21.000Z,58.379911,26.730468,58.0,3.0,167.5,11.286739,11,gps,0.5,0.7,0.9,21.0,,,
2017-05-04T18:15:22.000Z,58.379809,26.730483,58.0,3.0,173.6,11.398496,12,gps,0.5,0.7,0.9,21.0,,,
2017-05-04T18:15:23.000Z,58.379707,26.730470,58.0,3.0,184.4,11.36704,13,gps,0.5,0.7,0.9,21.0,,,
2017-05-04T18:15:24.000Z,58.379605,26.730449,58.0,3.0,186.6,10.776355,13,gps,0.5,0.7,0.9,21.0,,,
2017-05-04T18:15:25.000Z,58.379508,26.730429,59.0,4.0,185.9,11.067972,13,gps,0.5,0.7,0.9,21.0,,,
2017-05-04T18:15:26.000Z,58.379422,26.730404,58.0,3.0,186.7,10.200176,13,gps,0.5,0.7,0.9,21.0,,,
2017-05-04T18:15:27.000Z,58.379333,26.730380,58.0,3.0,187.0,10.320004,13,gps,0.5,0.7,0.9,21.0,,,
2017-05-04T18:15:28.000Z,58.379239,26.730357,58.0,4.0,187.1,10.530475,13,gps,0.5,0.7,0.9,21.0,,,
2017-05-04T18:15:29.000Z,58.379137,26.730327,58.0,3.0,187.8,11.111012,14,gps,0.5,0.7,0.9,21.0,,,
2017-05-04T18:15:30.000Z,58.379035,26.730295,57.0,3.0,189.5,11.592584,14,gps,0.5,0.7,0.9,21.0,,,
2017-05-04T18:15:31.000Z,58.378932,26.730263,57.0,3.0,189.2,11.635884,13,gps,0.5,0.7,0.9,21.0,,,
2017-05-04T18:15:32.000Z,58.378830,26.730224,57.0,3.0,192.1,11.293471,12,gps,0.5,0.7,0.9,21.0,,,
2017-05-04T18:15:33.000Z,58.378734,26.730175,57.0,3.0,198.0,10.763387,13,gps,0.5,0.7,0.9,21.0,,,IN_VEHICLE
2017-05-04T18:15:34.000Z,58.378648,26.730109,56.0,3.0,204.4,10.174424,12,gps,0.5,0.7,0.9,21.0,,,
2017-05-04T18:15:35.000Z,58.378557,26.730044,56.0,4.0,201.3,10.515826,12,gps,0.5,0.7,0.9,21.0,,,
2017-05-04T18:15:36.000Z,58.378505,26.729938,56.0,3.0,219.1,9.000938,9,gps,0.5,0.7,0.9,21.0,,,
2017-05-04T18:15:37.000Z,58.378447,26.729834,56.0,3.0,224.4,8.791115,13,gps,0.5,0.7,0.9,21.0,,,
2017-05-04T18:15:38.000Z,58.378393,26.729726,56.0,4.0,226.0,8.7309675,11,gps,0.6,0.7,0.9,21.0,,,
2017-05-04T18:15:39.000Z,58.378343,26.729621,56.0,3.0,227.7,8.262669,10,gps,0.6,0.7,0.9,21.0,,,
2017-05-04T18:15:40.000Z,58.378294,26.729515,55.0,3.0,227.9,7.64212,12,gps,0.6,0.7,0.9,21.0,,,
2017-05-04T18:15:41.000Z,58.378251,26.729421,55.0,3.0,228.4,7.05256,11,gps,0.6,0.7,0.9,21.0,,,
2017-05-04T18:15:42.000Z,58.378214,26.729343,55.0,3.0,227.6,5.8034477,11,gps,0.6,0.7,0.9,21.0,,,
2017-05-04T18:15:43.000Z,58.378185,26.729280,55.0,3.0,227.6,4.583939,11,gps,0.6,0.7,0.9,21.0,,,
2017-05-04T18:15:44.000Z,58.378161,26.729230,54.0,3.0,227.7,3.494138,11,gps,0.6,0.7,0.9,21.0,,,
2017-05-04T18:15:45.000Z,58.378149,26.729202,54.0,3.0,227.9,1.7854971,11,gps,0.6,0.7,0.9,21.0,,,
2017-05-04T18:15:46.000Z,58.378142,26.729187,54.0,3.0,227.9,1.0493808,10,gps,0.6,0.7,0.9,21.0,,,
2017-05-04T18:15:47.000Z,58.378138,26.729178,54.0,3.0,228.0,0.36687872,10,gps,0.6,0.7,0.9,21.0,,,
2017-05-04T18:15:48.000Z,58.378138,26.729175,54.0,3.0,,0.1,12,gps,0.6,0.7,0.9,21.0,,,
2017-05-04T18:15:49.000Z,58.378138,26.729175,54.0,3.0,,0.08,12,gps,0.6,0.7,0.9,21.0,,,IN_VEHICLE
2017-05-04T18:15:50.000Z,58.378138,26.729174,54.0,3.0,,0.05,12,gps,0.6,0.7,0.9,21.0,,,
2017-05-04T18:15:51.000Z,58.378138,26.729174,54.0,3.0,,0.03,12,gps,0.6,0.7,0.9,21.0,,,
2017-05-04T18:15:52.000Z,58.378138,26.729174,54.0,3.0,,0.02,11,gps,0.6,0.7,0.9,21.0,,,
2017-05-04T18:15:53.000Z,58.378138,26.729173,54.0,3.0,,0.02,11,gps,0.6,0.7,0.9,21.0,,,
2017-05-04T18:15:55.000Z,58.378138,26.729173,54.0,3.0,,0.0,12,gps,0.6,0.7,0.9,21.0,,,
2017-05-04T18:15:56.000Z,58.378138,26.729173,54.0,3.0,,0.0,11,gps,0.6,0.7,0.9,21.0,,,
2017-05-04T18:15:57.000Z,58.378139,26.729173,54.0,3.0,,0.0,11,gps,0.6,0.7,0.9,21.0,,,
2017-05-04T18:15:58.000Z,58.378139,26.729173,54.0,3.0,,0.01,11,gps,0.6,0.7,0.9,21.0,,,
2017-05-04T18:15:59.000Z,58.378139,26.729173,54.0,3.0,,0.02,12,gps,0.6,0.7,0.9,21.0,,,
2017-05-04T18:16:00.000Z,58.378140,26.729173,54.0,3.0,,0.01,12,gps,0.6,0.7,0.9,21.0,,,
2017-05-04T18:16:01.000Z,58.378140,26.729173,54.0,3.0,,0.02,13,gps,0.6,0.7,0.9,21.0,,,
2017-05-04T18:16:02.000Z,58.378141,26.729172,54.0,3.0,,0.02,13,gps,0.6,0.7,0.9,21.0,,,
2017-05-04T18:16:03.000Z,58.378142,26.729172,54.0,3.0,,0.01,11,gps,0.6,0.7,0.9,21.0,,,
2017-05-04T18:16:04.000Z,58.378143,26.729171,54.0,3.0,,0.0,11,gps,0.6,0.7,0.9,21.0,,,
2017-05-04T18:16:05.000Z,58.378143,26.729171,54.0,3.0,,0.01,10,gps,0.6,0.7,0.9,21.0,,,
2017-05-04T18:16:06.000Z,58.378143,26.729171,54.0,3.0,,0.01,11,gps,0.6,0.7,0.9,21.0,,,STILL
2017-05-04T18:16:07.000Z,58.378142,26.729170,54.0,3.0,,0.0,11,gps,0.6,0.7,0.9,21.0,,,
2017-05-04T18:16:08.000Z,58.378142,26.729170,54.0,3.0,,0.0,11,gps,0.6,0.7,0.9,21.0,,,
2017-05-04T18:16:09.000Z,58.378142,26.729169,54.0,3.0,,0.0,11,gps,0.6,0.7,0.9,21.0,,,
2017-05-04T18:16:10.000Z,58.378142,26.729169,54.0,3.0,,0.0,11,gps,0.6,0.7,0.9,21.0,,,
2017-05-04T18:16:12.000Z,58.378141,26.729168,54.0,3.0,,0.01,11,gps,0.6,0.7,0.9,21.0,,,
2017-05-04T18:16:13.000Z,58.378141,26.729168,54.0,3.0,,0.0,10,gps,0.6,0.7,0.9,21.0,,,
2017-05-04T18:16:14.000Z,58.378141,26.729168,54.0,3.0,,0.01,11,gps,0.6,0.7,0.9,21.0,,,
2017-05-04T18:16:15.000Z,58.378141,26.729167,55.0,3.0,,0.01,11,gps,0.6,0.7,0.9,21.0,,,
2017-05-04T18:16:16.000Z,58.378141,26.729166,55.0,3.0,,0.0,12,gps,0.6,0.7,0.9,21.0,,,
2017-05-04T18:16:17.000Z,58.378141,26.729166,55.0,3.0,,0.01,12,gps,0.6,0.7,0.9,21.0,,,
2017-05-04T18:16:18.000Z,58.378141,26.729165,55.0,3.0,,0.0,12,gps,0.6,0.7,0.9,21.0,,,
2017-05-04T18:16:19.000Z,58.378141,26.729165,55.0,3.0,,0.0,12,gps,0.6,0.7,0.9,21.0,,,
2017-05-04T18:16:20.000Z,58.378141,26.729164,55.0,3.0,,0.0,12,gps,0.6,0.7,0.9,21.0,,,
2017-05-04T18:16:21.000Z,58.378141,26.729164,55.0,3.0,,0.0,12,gps,0.6,0.7,0.9,21.0,,,
2017-05-04T18:16:22.000Z,58.378141,26.729164,55.0,3.0,,0.01,12,gps,0.6,0.7,0.9,21.0,,,STILL
2017-05-04T18:16:23.000Z,58.378141,26.729165,55.0,3.0,,0.01,12,gps,0.6,0.7,0.9,21.0,,,
2017-05-04T18:16:24.000Z,58.378143,26.729166,55.0,3.0,,0.0,12,gps,0.6,0.7,0.9,21.0,,,
2017-05-04T18:16:25.000Z,58.378144,26.729167,55.0,3.0,,0.0,12,gps,0.6,0.7,0.9,21.0,,,
2017-05-04T18:16:26.000Z,58.378145,26.729168,54.0,3.0,,0.0,11,gps,0.6,0.7,0.9,21.0,,,
2017-05-04T18:16:27.000Z,58.378146,26.729170,54.0,3.0,,0.01,12,gps,0.6,0.7,0.9,21.0,,,
2017-05-04T18:16:28.000Z,58.378148,26.729171,54.0,3.0,,0.0,12,gps,0.6,0.7,0.9,21.0,,,
2017-05-04T18:16:29.000Z,58.378149,26.729172,53.0,3.0,,0.0,12,gps,0.6,0.7,0.9,21.0,,,
2017-05-04T18:16:30.000Z,58.378149,26.729173,53.0,3.0,,0.0,12,gps,0.6,0.7,0.9,21.0,,,
2017-05-04T18:16:31.000Z,58.378150,26.729173,53.0,4.0,,0.01,12,gps,0.6,0.7,0.9,21.0,,,
2017-05-04T18:16:32.000Z,58.378151,26.729173,53.0,3.0,,0.02,12,gps,0.6,0.7,0.9,21.0,,,
2017-05-04T18:16:33.000Z,58.378151,26.729172,52.0,3.0,,0.02,12,gps,0.6,0.7,0.9,21.0,,,
2017-05-04T18:16:34.000Z,58.378152,26.729171,52.0,3.0,,0.01,11,gps,0.6,0.7,0.9,21.0,,,
2017-05-04T18:16:35.000Z,58.378152,26.729171,52.0,3.0,228.2,0.19026297,10,gps,0.6,0.7,0.9,21.0,,,
2017-05-04T18:16:36.000Z,58.378147,26.729159,52.0,3.0,228.5,1.1301769,10,gps,0.6,0.7,0.9,21.0,,,
2017-05-04T18:16:37.000Z,58.378133,26.729130,52.0,3.0,229.7,2.5709531,11,gps,0.6,0.7,0.9,21.0,,,
2017-05-04T18:16:38.000Z,58.378108,26.729077,52.0,3.0,228.0,4.540044,11,gps,0.6,0.7,0.9,21.0,,,
2017-05-04T18:16:39.000Z,58.378079,26.729017,52.0,3.0,227.4,5.07001,10,gps,0.6,0.7,0.9,21.0,,,STILL
2017-05-04T18:16:40.000Z,58.378042,26.728941,52.0,3.0,228.6,6.100074,10,gps,0.6,0.7,0.9,21.0,,,
2017-05-04T18:16:41.000Z,58.377996,26.728843,52.0,3.0,229.3,7.540239,11,gps,0.6,0.7,0.9,21.0,,,
2017-05-04T18:16:42.000Z,58.377946,26.728734,52.0,3.0,229.3,8.380484,10,gps,0.6,0.7,0.9,21.0,,,
2017-05-04T18:16:43.000Z,58.377896,26.728627,52.0,3.0,228.9,8.4921255,11,gps,0.6,0.7,0.9,21.0,,,
2017-05-04T18:16:44.000Z,58.377843,26.728512,52.0,3.0,228.5,8.522347,12,gps,0.6,0.7,0.9,21.0,,,
2017-05-04T18:16:45.000Z,58.377792,26.728404,53.0,3.0,228.2,8.314067,12,gps,0.6,0.7,0.9,21.0,,,
2017-05-04T18:16:46.000Z,58.377744,26.728302,53.0,3.0,228.1,7.8820558,13,gps,0.6,0.7,0.9,21.0,,,
2017-05-04T18:16:47.000Z,58.377699,26.728207,53.0,3.0,228.2,7.512663,13,gps,0.6,0.7,0.9,21.0,,,
2017-05-04T18:16:48.000Z,58.377654,26.728112,53.0,3.0,228.1,7.6034794,12,gps,0.6,0.7,0.9,21.0,,,
2017-05-04T18:16:49.000Z,58.377603,26.728005,54.0,3.0,227.8,8.353742,14,gps,0.6,0.7,0.9,21.0,,,
2017-05-04T18:16:50.000Z,58.377546,26.727887,54.0,3.0,228.3,9.583006,12,gps,0.6,0.7,0.9,21.0,,,
2017-05-04T18:16:51.000Z,58.377490,26.727767,54.0,3.0,228.8,9.594691,13,gps,0.6,0.7,0.9,21.0,,,
2017-05-04T18:16:52.000Z,58.377436,26.727649,55.0,3.0,229.4,8.654212,11,gps,0.5,0.7,0.9,21.0,,,
2017-05-04T18:16:53.000Z,58.377393,26.727556,55.0,4.0,229.5,6.832371,13,gps,0.5,0.7,0.9,21.0,,,
2017-05-04T18:16:54.000Z,58.377355,26.727477,55.0,3.0,228.2,5.9427266,12,gps,0.5,0.7,0.9,21.0,,,IN_VEHICLE
2017-05-04T18:16:56.000Z,58.377300,26.727374,57.0,3.0,227.8,3.0187745,10,gps,0.5,0.7,0.9,21.0,,,
2017-05-04T18:16:57.000Z,58.377292,26.727356,57.0,3.0,228.0,0.6747592,12,gps,0.5,0.7,0.9,21.0,,,
2017-05-04T18:16:58.000Z,58.377291,26.727355,57.0,3.0,,0.08,13,gps,0.5,0.7,0.9,21.0,,,
2017-05-04T18:16:59.000Z,58.377292,26.727355,57.0,3.0,,0.07,13,gps,0.5,0.7,0.9,21.0,,,
2017-05-04T18:17:00.000Z,58.377292,26.727354,57.0,3.0,,0.06,14,gps,0.5,0.7,0.9,21.0,,,
2017-05-04T18:17:01.000Z,58.377292,26.727353,57.0,3.0,,0.06,14,gps,0.5,0.7,0.9,21.0,,,
2017-05-04T18:17:02.000Z,58.377291,26.727353,57.0,3.0,,0.04,14,gps,0.5,0.7,0.9,21.0,,,
2017-05-04T18:17:03.000Z,58.377292,26.727352,57.0,3.0,,0.04,13,gps,0.5,0.7,0.9,21.0,,,
2017-05-04T18:17:04.000Z,58.377292,26.727350,57.0,3.0,,0.04,14,gps,0.5,0.7,0.9,21.0,,,
2017-05-04T18:17:05.000Z,58.377292,26.727349,57.0,3.0,,0.02,13,gps,0.5,0.7,0.9,21.0,,,
2017-05-04T18:17:06.000Z,58.377291,26.727347,57.0,3.0,,0.02,14,gps,0.5,0.7,0.9,21.0,,,
2017-05-04T18:17:07.000Z,58.377291,26.727346,57.0,3.0,,0.02,13,gps,0.5,0.7,0.9,21.0,,,
2017-05-04T18:17:08.000Z,58.377290,26.727345,57.0,3.0,,0.03,11,gps,0.5,0.7,0.9,21.0,,,
2017-05-04T18:17:09.000Z,58.377290,26.727344,57.0,3.0,,0.03,12,gps,0.6,0.7,0.9,21.0,,,
2017-05-04T18:17:10.000Z,58.377290,26.727342,57.0,3.0,,0.02,12,gps,0.6,0.7,0.9,21.0,,,IN_VEHICLE
2017-05-04T18:17:11.000Z,58.377289,26.727342,57.0,3.0,,0.02,12,gps,0.6,0.7,0.9,21.0,,,
2017-05-04T18:17:12.000Z,58.377289,26.727342,57.0,3.0,,0.03,12,gps,0.6,0.7,0.9,21.0,,,
2017-05-04T18:17:13.000Z,58.377288,26.727342,57.0,3.0,,0.03,12,gps,0.6,0.7,0.9,21.0,,,
2017-05-04T18:17:14.000Z,58.377288,26.727342,58.0,3.0,,0.02,12,gps,0.6,0.7,0.9,21.0,,,
2017-05-04T18:17:15.000Z,58.377288,26.727343,58.0,3.0,,0.02,12,gps,0.6,0.7,0.9,21.0,,,
2017-05-04T18:17:16.000Z,58.377288,26.727343,58.0,3.0,,0.02,12,gps,0.6,0.7,0.9,21.0,,,
2017-05-04T18:17:17.000Z,58.377288,26.727343,58.0,3.0,,0.02,12,gps,0.6,0.7,0.9,21.0,,,
2017-05-04T18:17:18.000Z,58.377288,26.727344,58.0,3.0,,0.01,12,gps,0.6,0.7,1.0,21.0,,,
2017-05-04T18:17:19.000Z,58.377288,26.727344,58.0,3.0,,0.02,12,gps,0.6,0.7,1.0,21.0,,,
2017-05-04T18:17:20.000Z,58.377288,26.727344,58.0,3.0,,0.01,12,gps,0.6,0.7,1.0,21.0,,,
2017-05-04T18:17:21.000Z,58.377288,26.727344,58.0,3.0,,0.02,12,gps,0.6,0.7,1.0,21.0,,,
2017-05-04T18:17:22.000Z,58.377287,26.727343,58.0,3.0,,0.01,12,gps,0.6,0.7,0.9,21.0,,,
2017-05-04T18:17:23.000Z,58.377287,26.727343,58.0,3.0,,0.02,12,gps,0.6,0.7,0.9,21.0,,,
2017-05-04T18:17:24.000Z,58.377287,26.727343,58.0,3.0,,0.0,12,gps,0.6,0.7,0.9,21.0,,,
2017-05-04T18:17:25.000Z,58.377286,26.727343,58.0,3.0,,0.0,12,gps,0.6,0.7,1.0,21.0,,,
2017-05-04T18:17:26.000Z,58.377286,26.727343,58.0,3.0,,0.0,12,gps,0.6,0.7,0.9,21.0,,,STILL
2017-05-04T18:17:27.000Z,58.377286,26.727342,58.0,3.0,,0.01,12,gps,0.7,0.7,1.0,21.0,,,
2017-05-04T18:17:28.000Z,58.377285,26.727340,58.0,3.0,227.7,0.2,12,gps,0.7,0.7,1.0,21.0,,,
2017-05-04T18:17:29.000Z,58.377277,26.727325,58.0,3.0,230.3,1.6504847,11,gps,0.6,0.7,0.9,21.0,,,
2017-05-04T18:17:30.000Z,58.377262,26.727292,59.0,3.0,231.2,3.1346133,11,gps,0.6,0.7,0.9,21.0,,,
2017-05-04T18:17:31.000Z,58.377236,26.727237,59.0,3.0,230.5,4.6672473,10,gps,0.6,0.7,0.9,21.0,,,
2017-05-04T18:17:32.000Z,58.377201,26.727166,59.0,3.0,229.7,5.6755085,10,gps,0.6,0.7,0.9,21.0,,,
2017-05-04T18:17:33.000Z,58.377163,26.727090,60.0,3.0,229.3,6.075146,11,gps,0.6,0.7,0.9,21.0,,,
2017-05-04T18:17:34.000Z,58.377120,26.726999,60.0,3.0,229.8,7.388295,10,gps,0.6,0.7,0.9,21.0,,,
2017-05-04T18:17:35.000Z,58.377068,26.726893,60.0,3.0,230.5,8.728276,10,gps,0.6,0.7,0.9,21.0,,,
2017-05-04T18:17:36.000Z,58.377016,26.726783,61.0,3.0,229.7,8.797369,9,gps,0.6,0.7,0.9,21.0,,,
2017-05-04T18:17:37.000Z,58.376958,26.726665,61.0,3.0,228.9,9.16873,11,gps,0.6,0.7,0.9,21.0,,,
2017-05-04T18:17:38.000Z,58.376898,26.726543,62.0,3.0,228.6,9.877702,10,gps,0.6,0.7,0.9,21.0,,,
2017-05-04T18:17:39.000Z,58.376832,26.726414,62.0,3.0,226.9,10.61871,11,gps,0.6,0.7,0.9,21.0,,,IN_VEHICLE
2017-05-04T18:17:40.000Z,58.376761,26.726287,63.0,3.0,223.7,10.612747,11,gps,0.6,0.7,0.9,21.0,,,
2017-05-04T18:17:41.000Z,58.376687,26.726171,64.0,3.0,220.0,10.511427,9,gps,0.6,0.7,0.9,21.0,,,
2017-05-04T18:17:42.000Z,58.376606,26.726064,65.0,3.0,215.2,10.786701,8,gps,0.6,0.7,0.9,21.0,,,
2017-05-04T18:17:43.000Z,58.376524,26.725963,65.0,3.0,214.1,11.194293,10,gps,0.6,0.7,0.9,21.0,,,
2017-05-04T18:17:44.000Z,58.376436,26.725858,65.0,3.0,213.3,11.657568,11,gps,0.6,0.7,0.9,21.0,,,
2017-05-04T18:17:45.000Z,58.376341,26.725746,65.0,3.0,212.8,12.176572,10,gps,0.6,0.7,0.9,21.0,,,
2017-05-04T18:17:46.000Z,58.376244,26.725632,66.0,3.0,212.5,12.774526,12,gps,0.6,0.7,0.9,21.0,,,
2017-05-04T18:17:47.000Z,58.376146,26.725520,67.0,3.0,211.7,13.135791,9,gps,0.6,0.7,0.9,21.0,,,
2017-05-04T18:17:48.000Z,58.376045,26.725401,67.0,3.0,211.9,12.815343,9,gps,0.6,0.7,0.9,21.0,,,
2017-05-04T18:17:49.000Z,58.375945,26.725284,67.0,3.0,212.1,13.065528,9,gps,0.6,0.7,0.9,21.0,,,
2017-05-04T18:17:50.000Z,58.375843,26.725162,68.0,3.0,212.3,13.395391,9,gps,0.6,0.7,0.9,21.0,,,
2017-05-04T18:17:51.000Z,58.375744,26.725041,68.0,3.0,212.1,13.638804,8,gps,0.6,0.7,0.9,21.0,,,
2017-05-04T18:17:52.000Z,58.375640,26.724915,69.0,3.0,211.9,13.735538,10,gps,0.6,0.7,0.9,21.0,,,
2017-05-04T18:17:53.000Z,58.375531,26.724785,69.0,3.0,211.7,13.736423,9,gps,0.6,0.7,0.9,21.0,,,
2017-05-04T18:17:54.000Z,58.375428,26.724662,70.0,3.0,211.5,13.416892,8,gps,0.6,0.7,0.9,21.0,,,
2017-05-04T18:17:55.000Z,58.375331,26.724546,70.0,3.0,211.4,13.166386,8,gps,0.6,0.7,0.9,21.0,,,IN_VEHICLE
2017-05-04T18:17:57.000Z,58.375131,26.724307,71.0,3.0,211.8,12.6593685,9,gps,0.6,0.7,0.9,21.0,,,
2017-05-04T18:17:58.000Z,58.375041,26.724194,72.0,3.0,212.5,11.766877,10,gps,0.6,0.7,0.9,21.0,,,
2017-05-04T18:17:59.000Z,58.374960,26.724096,73.0,3.0,212.4,10.807229,9,gps,0.6,0.7,0.9,21.0,,,
2017-05-04T18:18:00.000Z,58.374885,26.723998,74.0,3.0,213.2,9.890086,10,gps,0.7,0.7,1.0,21.0,,,
2017-05-04T18:18:01.000Z,58.374815,26.723905,74.0,3.0,214.6,9.077291,10,gps,0.7,0.7,1.0,21.0,,,
2017-05-04T18:18:02.000Z,58.374755,26.723818,75.0,3.0,216.4,8.353233,10,gps,0.6,0.7,0.9,21.0,,,
2017-05-04T18:18:03.000Z,58.374703,26.723736,75.0,3.0,218.4,7.5353036,8,gps,0.6,0.7,0.9,21.0,,,
2017-05-04T18:18:04.000Z,58.374653,26.723654,76.0,3.0,220.0,6.8217373,9,gps,0.6,0.7,1.0,21.0,,,
2017-05-04T18:18:05.000Z,58.374609,26.723581,76.0,4.0,220.1,6.6127224,10,gps,0.6,0.7,1.0,21.0,,,
2017-05-04T18:18:06.000Z,58.374571,26.723516,77.0,3.0,220.3,5.829923,9,gps,0.6,0.7,1.0,21.0,,,
2017-05-04T18:17:59.267Z,58.375030,26.724386,,24.091,,,0,network,,,,,,,
2017-05-04T18:18:07.000Z,58.374544,26.723466,77.0,3.0,221.2,3.8551912,9,gps,0.6,0.7,0.9,21.0,,,
2017-05-04T18:18:08.000Z,58.374525,26.723431,77.0,3.0,221.4,2.2926404,10,gps,0.6,0.7,0.9,21.0,,,
2017-05-04T18:18:09.000Z,58.374516,26.723414,77.0,3.0,221.5,1.2103719,8,gps,0.7,0.7,1.0,21.0,,,
2017-05-04T18:18:10.000Z,58.374510,26.723404,77.0,3.0,221.5,0.5656854,8,gps,0.7,0.7,1.0,21.0,,,
2017-05-04T18:18:11.000Z,58.374508,26.723398,77.0,3.0,221.5,0.41000003,9,gps,0.7,0.7,1.0,21.0,,,
2017-05-04T18:17:59.266Z,58.375030,26.724386,,24.091,,,0,network,,,,,,,
2017-05-04T18:18:12.000Z,58.374502,26.723386,76.0,3.0,221.6,1.020196,9,gps,0.7,0.7,1.0,21.0,,,IN_VEHICLE
2017-05-04T18:18:13.000Z,58.374489,26.723367,76.0,4.0,221.7,1.71,8,gps,0.7,0.7,1.0,21.0,,,
2017-05-04T18:18:14.000Z,58.374455,26.723317,76.0,3.0,223.7,4.7015314,8,gps,0.7,0.7,1.0,21.0,,,
2017-05-04T18:18:15.000Z,58.374419,26.723248,76.0,3.0,224.9,5.6931715,9,gps,0.7,0.7,1.0,21.0,,,
2017-05-04T18:18:16.000Z,58.374380,26.723170,76.0,4.0,225.8,6.274217,10,gps,0.7,0.7,1.0,21.0,,,
2017-05-04T18:18:17.000Z,58.374344,26.723066,76.0,3.0,228.2,6.5022225,10,gps,0.7,0.7,1.0,21.0,,,
2017-05-04T18:18:18.000Z,58.374298,26.722967,76.0,3.0,229.7,7.370977,10,gps,0.7,0.7,1.0,21.0,,,
2017-05-04T18:18:19.000Z,58.374246,26.722854,77.0,3.0,230.8,8.610836,9,gps,0.6,0.7,0.9,21.0,,,
2017-05-04T18:18:20.000Z,58.374185,26.722723,77.0,3.0,231.1,9.611504,10,gps,0.6,0.7,0.9,21.0,,,
2017-05-04T18:18:21.000Z,58.374130,26.722592,77.0,3.0,230.5,10.01018,12,gps,0.6,0.7,0.9,21.0,,,
2017-05-04T18:18:22.000Z,58.374070,26.722456,77.0,3.0,230.6,10.930658,10,gps,0.6,0.7,0.9,21.0,,,
2017-05-04T18:18:23.000Z,58.373998,26.722309,78.0,3.0,230.7,11.841525,10,gps,0.6,0.7,0.9,21.0,,,
2017-05-04T18:18:25.000Z,58.373852,26.721980,78.0,3.0,231.3,12.170066,10,gps,0.6,0.7,0.9,21.0,,,
2017-05-04T18:18:26.000Z,58.373789,26.721828,78.0,3.0,231.1,11.720005,9,gps,0.6,0.7,0.9,21.0,,,
2017-05-04T18:18:27.000Z,58.373723,26.721677,78.0,3.0,230.8,11.240071,8,gps,0.6,0.7,0.9,21.0,,,
2017-05-04T18:18:28.000Z,58.373658,26.721526,78.0,3.0,230.6,11.150004,8,gps,0.6,0.7,1.0,21.0,,,
2017-05-04T18:18:29.000Z,58.373593,26.721374,78.0,3.0,231.0,11.460005,8,gps,0.6,0.7,1.0,21.0,,,IN_VEHICLE
2017-05-04T18:18:30.000Z,58.373529,26.721223,79.0,3.0,231.2,11.750425,8,gps,0.6,0.7,1.0,21.0,,,
2017-05-04T18:18:31.000Z,58.373463,26.721062,79.0,3.0,231.5,12.060597,9,gps,0.6,0.7,1.0,21.0,,,
2017-05-04T18:18:32.000Z,58.373399,26.720894,78.0,3.0,231.9,12.36,10,gps,0.6,0.7,1.0,21.0,,,
2017-05-04T18:18:33.000Z,58.373330,26.720722,78.0,4.0,231.9,12.44,10,gps,0.6,0.7,0.9,21.0,,,
2017-05-04T18:18:34.000Z,58.373261,26.720550,78.0,3.0,232.2,12.5300045,10,gps,0.6,0.7,0.9,21.0,,,
2017-05-04T18:18:35.000Z,58.373195,26.720382,77.0,3.0,232.1,12.360004,10,gps,0.6,0.7,0.9,21.0,,,
2017-05-04T18:18:36.000Z,58.373127,26.720214,77.0,3.0,231.9,12.380101,9,gps,0.6,0.7,0.9,21.0,,,
2017-05-04T18:18:37.000Z,58.373059,26.720040,77.0,3.0,232.4,12.600143,9,gps,0.6,0.7,0.9,21.0,,,
2017-05-04T18:18:38.000Z,58.372988,26.719864,78.0,3.0,232.6,12.790192,9,gps,0.6,0.7,0.9,21.0,,,
2017-05-04T18:18:39.000Z,58.372919,26.719690,77.0,3.0,231.9,13.080004,10,gps,0.6,0.7,0.9,21.0,,,
2017-05-04T18:18:40.000Z,58.372846,26.719511,78.0,3.0,231.8,13.190015,11,gps,0.6,0.7,0.9,21.0,,,
2017-05-04T18:18:41.000Z,58.372770,26.719327,78.0,3.0,231.8,13.110137,9,gps,0.6,0.7,0.9,21.0,,,
2017-05-04T18:18:42.000Z,58.372701,26.719156,78.0,3.0,231.7,12.980062,10,gps,0.6,0.7,0.9,21.0,,,
2017-05-04T18:18:43.000Z,58.372627,26.718985,78.0,3.0,231.3,12.900062,9,gps,0.6,0.7,0.9,21.0,,,
2017-05-04T18:18:44.000Z,58.372552,26.718801,78.0,3.0,231.4,13.110644,9,gps,0.6,0.7,0.9,21.0,,,IN_VEHICLE
2017-05-04T18:18:45.000Z,58.372483,26.718622,78.0,4.0,231.4,13.250135,9,gps,0.6,0.7,0.9,21.0,,,
2017-05-04T18:18:46.000Z,58.372408,26.718440,78.0,3.0,231.8,13.470059,10,gps,0.6,0.7,0.9,21.0,,,
2017-05-04T18:18:47.000Z,58.372335,26.718255,78.0,3.0,231.7,13.650059,8,gps,0.6,0.7,0.9,21.0,,,
2017-05-04T18:18:48.000Z,58.372261,26.718073,77.0,3.0,231.9,13.830176,8,gps,0.6,0.7,0.9,21.0,,,
2017-05-04T18:18:49.000Z,58.372181,26.717882,77.0,3.0,231.8,13.920518,10,gps,0.6,0.7,0.9,21.0,,,
2017-05-04T18:18:50.000Z,58.372104,26.717692,77.0,3.0,231.6,13.950004,10,gps,0.6,0.7,0.9,21.0,,,
2017-05-04T18:18:51.000Z,58.372027,26.717502,77.0,4.0,231.7,13.98,10,gps,0.6,0.7,0.9,21.0,,,
2017-05-04T18:18:52.000Z,58.371951,26.717311,77.0,3.0,232.1,14.030004,11,gps,0.6,0.7,0.9,21.0,,,
2017-05-04T18:18:53.000Z,58.371874,26.717124,77.0,3.0,231.8,13.910014,11,gps,0.6,0.7,0.9,21.0,,,
2017-05-04T18:18:54.000Z,58.371797,26.716938,77.0,3.0,231.6,13.89013,9,gps,0.6,0.7,0.9,21.0,,,
2017-05-04T18:18:55.000Z,58.371718,26.716752,78.0,3.0,231.1,13.900089,9,gps,0.6,0.7,0.9,21.0,,,
2017-05-04T18:18:56.000Z,58.371638,26.716568,78.0,3.0,230.8,13.880004,9,gps,0.6,0.7,0.9,21.0,,,
2017-05-04T18:18:58.000Z,58.371485,26.716193,78.0,3.0,232.2,13.930004,9,gps,0.6,0.7,0.9,21.0,,,
2017-05-04T18:18:59.000Z,58.371411,26.716003,78.0,3.0,232.4,13.750032,11,gps,0.6,0.7,0.9,21.0,,,
2017-05-04T18:19:00.000Z,58.371336,26.715818,78.0,3.0,232.1,13.580014,9,gps,0.6,0.7,0.9,21.0,,,IN_VEHICLE
2017-05-04T18:19:01.000Z,58.371262,26.715635,78.0,4.0,232.1,13.520015,9,gps,0.6,0.7,0.9,21.0,,,
2017-05-04T18:19:02.000Z,58.371188,26.715454,78.0,3.0,232.3,13.370004,10,gps,0.6,0.7,0.9,21.0,,,
2017-05-04T18:19:03.000Z,58.371115,26.715274,78.0,3.0,232.4,13.240015,10,gps,0.6,0.7,0.9,21.0,,,
2017-05-04T18:19:04.000Z,58.371046,26.715102,78.0,3.0,232.7,13.130004,11,gps,0.6,0.7,0.9,21.0,,,
2017-05-04T18:19:05.000Z,58.370974,26.714925,79.0,3.0,232.6,12.770662,11,gps,0.6,0.7,0.9,21.0,,,
2017-05-04T18:19:06.000Z,58.370908,26.714759,78.0,3.0,232.3,12.161188,11,gps,0.6,0.7,0.9,21.0,,,
2017-05-04T18:19:07.000Z,58.370843,26.714598,79.0,3.0,231.9,11.6404295,12,gps,0.6,0.7,0.9,21.0,,,
2017-05-04T18:19:08.000Z,58.370778,26.714439,79.0,3.0,231.9,11.210446,12,gps,0.6,0.7,0.9,21.0,,,
2017-05-04T18:19:09.000Z,58.370717,26.714295,79.0,3.0,232.2,10.750377,10,gps,0.5,0.7,0.9,21.0,,,
2017-05-04T18:19:10.000Z,58.370660,26.714154,80.0,3.0,231.7,10.411387,10,gps,0.5,0.7,0.9,21.0,,,
2017-05-04T18:19:11.000Z,58.370605,26.714020,80.0,3.0,231.4,10.131427,9,gps,0.6,0.7,0.9,21.0,,,
2017-05-04T18:19:12.000Z,58.370548,26.713890,80.0,4.0,231.1,10.000605,12,gps,0.5,0.7,0.9,21.0,,,
2017-05-04T18:19:13.000Z,58.370492,26.713754,80.0,3.0,231.3,9.780414,12,gps,0.6,0.7,0.9,21.0,,,
2017-05-04T18:19:14.000Z,58.370438,26.713628,80.0,3.0,231.4,9.560335,12,gps,0.6,0.7,0.9,21.0,,,
2017-05-04T18:19:15.000Z,58.370391,26.713503,80.0,3.0,232.2,9.270653,11,gps,0.6,0.7,0.9,21.0,,,
2017-05-04T18:19:16.000Z,58.370340,26.713374,80.0,3.0,232.2,9.09,11,gps,0.6,0.7,0.9,21.0,,,
2017-05-04T18:19:17.000Z,58.370292,26.713254,79.0,3.0,232.1,8.790051,11,gps,0.6,0.7,0.9,21.0,,,IN_VEHICLE
2017-05-04T18:19:18.000Z,58.370247,26.713137,79.0,3.0,231.7,8.580093,11,gps,0.6,0.7,0.9,21.0,,,
2017-05-04T18:19:19.000Z,58.370202,26.713026,79.0,3.0,232.4,8.400148,11,gps,0.6,0.7,0.9,21.0,,,
2017-05-04T18:19:20.000Z,58.370157,26.712913,79.0,3.0,232.3,8.160024,11,gps,0.6,0.7,0.9,21.0,,,
2017-05-04T18:19:21.000Z,58.370112,26.712801,79.0,3.0,231.9,7.960006,12,gps,0.6,0.7,0.9,21.0,,,
2017-05-04T18:19:22.000Z,58.370070,26.712696,78.0,3.0,231.2,7.740523,12,gps,0.6,0.7,0.9,21.0,,,
2017-05-04T18:19:23.000Z,58.370028,26.712595,78.0,3.0,231.7,7.5801053,12,gps,0.6,0.7,0.9,21.0,,,
2017-05-04T18:19:24.000Z,58.369985,26.712492,78.0,4.0,232.0,7.4900265,12,gps,0.6,0.7,0.9,21.0,,,
2017-05-04T18:19:25.000Z,58.369945,26.712395,79.0,3.0,232.3,7.1702514,11,gps,0.6,0.7,0.9,21.0,,,
2017-05-04T18:19:26.000Z,58.369905,26.712298,79.0,3.0,232.2,7.0401134,11,gps,0.6,0.7,0.9,21.0,,,
2017-05-04T18:19:27.000Z,58.369867,26.712207,79.0,4.0,231.7,6.840066,11,gps,0.5,0.7,0.9,21.0,,,
2017-05-04T18:19:28.000Z,58.369829,26.712119,79.0,4.0,231.1,6.72003,10,gps,0.6,0.7,0.9,21.0,,,
2017-05-04T18:19:29.000Z,58.369799,26.712043,79.0,3.0,231.3,6.05119,10,gps,0.6,0.7,0.9,21.0,,,
2017-05-04T18:19:30.000Z,58.369769,26.711971,79.0,4.0,231.5,5.5922894,11,gps,0.6,0.7,0.9,21.0,,,
2017-05-04T18:19:31.000Z,58.369743,26.711906,79.0,3.0,231.6,4.7223825,11,gps,0.6,0.7,0.9,21.0,,,
2017-05-04T18:19:32.000Z,58.369720,26.711846,80.0,3.0,231.8,3.9128761,11,gps,0.6,0.7,0.9,21.0,,,
2017-05-04T18:19:33.000Z,58.369704,26.711801,80.0,3.0,232.1,2.99107,11,gps,0.7,0.7,1.0,21.0,,,IN_VEHICLE
2017-05-04T18:19:34.000Z,58.369692,26.711768,80.0,3.0,232.5,2.0008998,11,gps,0.7,0.7,1.0,21.0,,,
2017-05-04T18:19:35.000Z,58.369685,26.711759,80.0,3.0,232.7,0.7905694,11,gps,0.6,0.7,1.0,21.0,,,
2017-05-04T18:19:36.000Z,58.369684,26.711757,80.0,3.0,,0.08,11,gps,0.6,0.7,1.0,21.0,,,
2017-05-04T18:19:37.000Z,58.369683,26.711757,80.0,3.0,232.8,0.17464249,10,gps,0.6,0.7,1.0,21.0,,,
2017-05-04T18:19:38.000Z,58.369683,26.711756,80.0,3.0,,0.04,10,gps,0.6,0.7,1.0,21.0,,,
2017-05-04T18:19:39.000Z,58.369682,26.711754,80.0,3.0,,0.02,10,gps,0.6,0.7,1.0,21.0,,,
2017-05-04T18:19:40.000Z,58.369682,26.711753,80.0,3.0,,0.0,10,gps,0.6,0.7,1.0,21.0,,,
2017-05-04T18:19:41.000Z,58.369681,26.711753,80.0,3.0,,0.01,10,gps,0.6,0.7,1.0,21.0,,,
2017-05-04T18:19:42.000Z,58.369681,26.711752,80.0,3.0,,0.0,10,gps,0.6,0.7,1.0,21.0,,,
2017-05-04T18:19:43.000Z,58.369680,26.711752,80.0,3.0,,0.0,10,gps,0.6,0.7,1.0,21.0,,,
2017-05-04T18:19:44.000Z,58.369679,26.711751,80.0,3.0,,0.0,10,gps,0.6,0.7,1.0,21.0,,,
2017-05-04T18:19:45.000Z,58.369679,26.711751,80.0,3.0,,0.0,10,gps,0.6,0.7,1.0,21.0,,,
2017-05-04T18:19:46.000Z,58.369678,26.711751,80.0,3.0,,0.0,11,gps,0.6,0.7,1.0,21.0,,,
2017-05-04T18:19:47.000Z,58.369677,26.711750,80.0,3.0,,0.0,11,gps,0.6,0.8,1.0,21.0,,,
2017-05-04T18:19:48.000Z,58.369677,26.711751,80.0,3.0,,0.0,10,gps,0.6,0.8,1.0,21.0,,,
2017-05-04T18:19:49.000Z,58.369677,26.711752,80.0,3.0,,0.0,10,gps,0.6,0.8,1.0,21.0,,,STILL
2017-05-04T18:19:50.000Z,58.369676,26.711752,80.0,3.0,,0.0,10,gps,0.6,0.8,1.0,21.0,,,
2017-05-04T18:19:51.000Z,58.369671,26.711740,80.0,3.0,233.3,0.59,10,gps,0.6,0.8,1.0,21.0,,,
2017-05-04T18:19:52.000Z,58.369658,26.711715,80.0,3.0,234.3,2.010398,10,gps,0.6,0.8,1.0,21.0,,,
2017-05-04T18:19:53.000Z,58.369637,26.711652,80.0,3.0,234.6,3.7601197,12,gps,0.6,0.7,1.0,21.0,,,
2017-05-04T18:19:54.000Z,58.369611,26.711587,80.0,3.0,234.8,4.520011,11,gps,0.6,0.7,1.0,21.0,,,STILL
2017-05-04T18:19:55.000Z,58.369581,26.711515,80.0,3.0,235.4,5.410231,12,gps,0.6,0.7,0.9,21.0,,,
2017-05-04T18:19:56.000Z,58.369544,26.711426,80.0,3.0,236.3,6.8832045,10,gps,0.6,0.7,0.9,21.0,,,
2017-05-04T18:19:57.000Z,58.369502,26.711316,81.0,3.0,238.3,8.4511595,10,gps,0.6,0.7,0.9,21.0,,,
2017-05-04T18:19:58.692Z,58.369341,26.711790,,27.758,,,0,network,,,,,,,
2017-05-04T18:20:00.000Z,58.369361,26.710913,81.0,4.0,238.7,9.6011715,11,gps,0.6,0.7,0.9,21.0,,,
2017-05-04T18:20:01.000Z,58.369308,26.710765,82.0,3.0,236.5,10.114158,11,gps,0.6,0.7,0.9,21.0,,,
2017-05-04T18:20:02.000Z,58.369250,26.710616,82.0,3.0,234.2,11.01307,11,gps,0.5,0.7,0.9,21.0,,,
2017-05-04T18:20:03.000Z,58.369172,26.710465,82.0,4.0,233.7,11.641551,11,gps,0.5,0.7,0.9,21.0,,,
2017-05-04T18:20:04.000Z,58.369101,26.710297,82.0,3.0,231.7,12.343646,10,gps,0.5,0.7,0.9,21.0,,,
2017-05-04T18:20:05.000Z,58.369034,26.710133,83.0,3.0,232.3,12.442929,10,gps,0.5,0.7,0.9,21.0,,,
2017-05-04T18:20:06.000Z,58.368965,26.709956,83.0,3.0,232.6,12.761728,11,gps,0.5,0.7,0.9,21.0,,,
2017-05-04T18:20:07.000Z,58.368894,26.709781,83.0,3.0,231.9,13.233631,10,gps,0.5,0.7,0.9,21.0,,,
2017-05-04T18:20:08.000Z,58.368821,26.709602,84.0,3.0,231.5,13.2334,10,gps,0.6,0.7,0.9,21.0,,,
2017-05-04T18:20:09.000Z,58.368747,26.709422,84.0,3.0,231.3,13.333604,12,gps,0.6,0.7,0.9,21.0,,,
2017-05-04T18:20:10.000Z,58.368673,26.709243,84.0,3.0,231.2,13.472509,10,gps,0.6,0.7,0.9,21.0,,,
2017-05-04T18:20:11.000Z,58.368599,26.709064,84.0,3.0,231.0,13.572123,11,gps,0.6,0.7,0.9,21.0,,,
2017-05-04T18:20:12.000Z,58.368521,26.708874,84.0,3.0,231.2,13.801598,13,gps,0.6,0.7,0.9,21.0,,,UNKNOWN
2017-05-04T18:20:13.000Z,58.368447,26.708695,85.0,3.0,231.0,13.642673,13,gps,0.6,0.7,0.9,21.0,,,
2017-05-04T18:20:15.000Z,58.368300,26.708334,85.0,4.0,231.4,13.232962,11,gps,0.6,0.7,0.9,21.0,,,
2017-05-04T18:20:16.000Z,58.368231,26.708164,86.0,3.0,231.3,13.022596,11,gps,0.6,0.7,0.9,21.0,,,
2017-05-04T18:20:18.000Z,58.368079,26.707797,86.0,3.0,231.0,13.461965,11,gps,0.6,0.7,0.9,21.0,,,
2017-05-04T18:20:19.000Z,58.368005,26.707614,86.0,3.0,231.1,13.442712,11,gps,0.6,0.7,0.9,21.0,,,
2017-05-04T18:20:20.000Z,58.367932,26.707437,87.0,3.0,231.3,13.262548,11,gps,0.5,0.7,0.9,21.0,,,
2017-05-04T18:20:21.000Z,58.367860,26.707260,87.0,3.0,231.6,13.092785,11,gps,0.5,0.7,0.9,21.0,,,
2017-05-04T18:20:22.000Z,58.367788,26.707085,88.0,3.0,231.2,12.95261,11,gps,0.6,0.7,0.9,21.0,,,
2017-05-04T18:20:23.000Z,58.367713,26.706910,88.0,3.0,231.1,13.120549,11,gps,0.6,0.7,0.9,21.0,,,
2017-05-04T18:20:24.000Z,58.367642,26.706733,88.0,3.0,231.1,13.382153,11,gps,0.6,0.7,0.9,21.0,,,
2017-05-04T18:20:25.000Z,58.367566,26.706548,88.0,3.0,231.4,13.33294,11,gps,0.6,0.7,0.9,21.0,,,
2017-05-04T18:20:26.000Z,58.367493,26.706371,88.0,3.0,231.4,13.211367,11,gps,0.6,0.7,0.9,21.0,,,
2017-05-04T18:20:28.000Z,58.367347,26.706020,89.0,3.0,230.9,12.900248,11,gps,0.6,0.7,0.9,21.0,,,IN_VEHICLE
2017-05-04T18:20:30.000Z,58.367209,26.705688,89.0,3.0,231.5,12.020816,11,gps,0.6,0.7,0.9,21.0,,,
2017-05-04T18:20:31.000Z,58.367146,26.705536,89.0,3.0,231.7,11.500156,11,gps,0.6,0.7,1.0,21.0,,,
2017-05-04T18:20:32.127Z,58.367064,26.705642,,28.818,,,0,network,,,,,,,
2017-05-04T18:20:34.000Z,58.366967,26.705102,89.0,4.0,231.5,10.28,10,gps,0.6,0.7,1.0,21.0,,,
2017-05-04T18:20:35.000Z,58.366912,26.704970,89.0,3.0,230.7,9.920322,11,gps,0.6,0.7,1.0,21.0,,,
2017-05-04T18:20:36.000Z,58.366857,26.704844,89.0,3.0,230.7,9.6202545,11,gps,0.6,0.7,0.9,21.0,,,
2017-05-04T18:20:37.000Z,58.366805,26.704720,89.0,3.0,230.8,9.310086,12,gps,0.6,0.7,0.9,21.0,,,
2017-05-04T18:20:38.000Z,58.366755,26.704599,89.0,3.0,231.1,9.030005,12,gps,0.6,0.7,0.9,21.0,,,
2017-05-04T18:20:39.000Z,58.366706,26.704483,89.0,3.0,231.4,8.770023,11,gps,0.6,0.7,0.9,21.0,,,
2017-05-04T18:20:40.000Z,58.366662,26.704373,89.0,3.0,231.8,8.43,11,gps,0.6,0.7,0.9,21.0,,,
2017-05-04T18:20:41.000Z,58.366620,26.704270,89.0,3.0,231.9,7.4300604,12,gps,0.6,0.7,0.9,21.0,,,
2017-05-04T18:20:42.000Z,58.366586,26.704181,89.0,3.0,231.9,6.61003,12,gps,0.6,0.7,0.9,21.0,,,
2017-05-04T18:20:44.000Z,58.366534,26.704064,89.0,3.0,231.6,3.9301145,12,gps,0.6,0.7,0.9,21.0,,,
2017-05-04T18:20:45.000Z,58.366517,26.704020,89.0,3.0,231.6,3.0501475,12,gps,0.5,0.7,0.9,21.0,,,IN_VEHICLE
2017-05-04T18:20:46.000Z,58.366506,26.703997,89.0,4.0,231.6,2.1100945,12,gps,0.5,0.7,0.9,21.0,,,
2017-05-04T18:20:47.000Z,58.366496,26.703979,89.0,3.0,231.4,1.5831615,12,gps,0.5,0.7,0.9,21.0,,,
2017-05-04T18:20:48.000Z,58.366492,26.703960,89.0,3.0,231.4,1.2206556,12,gps,0.5,0.7,0.9,21.0,,,
2017-05-04T18:20:49.000Z,58.366487,26.703949,89.0,3.0,231.6,0.7300685,13,gps,0.5,0.7,0.9,21.0,,,
2017-05-04T18:20:51.000Z,58.366488,26.703948,89.0,3.0,231.8,0.19026297,12,gps,0.5,0.7,0.9,21.0,,,
2017-05-04T18:20:52.000Z,58.366488,26.703948,89.0,3.0,231.9,0.16031219,12,gps,0.5,0.7,0.9,21.0,,,
2017-05-04T18:20:53.000Z,58.366488,26.703949,90.0,3.0,,0.01,12,gps,0.5,0.7,0.9,21.0,,,
2017-05-04T18:20:54.000Z,58.366488,26.703949,90.0,3.0,,0.01,12,gps,0.5,0.7,0.9,21.0,,,
2017-05-04T18:20:55.000Z,58.366489,26.703948,90.0,3.0,,0.01,12,gps,0.6,0.7,0.9,21.0,,,
2017-05-04T18:20:56.000Z,58.366489,26.703948,90.0,3.0,,0.03,12,gps,0.6,0.7,0.9,21.0,,,
2017-05-04T18:20:57.000Z,58.366490,26.703948,89.0,3.0,,0.04,12,gps,0.6,0.7,0.9,21.0,,,STILL
2017-05-04T18:20:58.000Z,58.366490,26.703947,89.0,3.0,,0.02,13,gps,0.6,0.7,0.9,21.0,,,
2017-05-04T18:20:59.000Z,58.366491,26.703947,89.0,3.0,,0.01,13,gps,0.6,0.7,0.9,21.0,,,
2017-05-04T18:21:00.000Z,58.366491,26.703947,89.0,3.0,,0.01,13,gps,0.6,0.7,0.9,21.0,,,
2017-05-04T18:21:01.000Z,58.366491,26.703945,89.0,3.0,,0.01,13,gps,0.6,0.7,0.9,21.0,,,
2017-05-04T18:21:02.000Z,58.366492,26.703944,89.0,3.0,,0.01,12,gps,0.6,0.7,0.9,21.0,,,
2017-05-04T18:21:03.000Z,58.366492,26.703944,89.0,3.0,,0.04,12,gps,0.6,0.7,0.9,21.0,,,
2017-05-04T18:21:04.000Z,58.366492,26.703945,89.0,3.0,,0.0,12,gps,0.6,0.7,0.9,21.0,,,
2017-05-04T18:21:05.000Z,58.366491,26.703945,89.0,3.0,,0.03,11,gps,0.6,0.7,0.9,21.0,,,
2017-05-04T18:21:06.000Z,58.366490,26.703945,89.0,3.0,232.3,0.3306055,11,gps,0.6,0.7,0.9,21.0,,,
2017-05-04T18:21:07.000Z,58.366480,26.703931,89.0,3.0,232.4,1.7604545,13,gps,0.6,0.7,0.9,21.0,,,
2017-05-04T18:21:08.000Z,58.366461,26.703900,89.0,3.0,232.8,3.56,13,gps,0.6,0.7,0.9,21.0,,,
2017-05-04T18:21:09.000Z,58.366428,26.703842,89.0,3.0,233.5,5.750078,13,gps,0.5,0.7,0.9,21.0,,,
2017-05-04T18:21:10.000Z,58.366402,26.703724,90.0,3.0,237.7,6.4517436,12,gps,0.5,0.7,0.9,21.0,,,
2017-05-04T18:21:11.000Z,58.366364,26.703636,89.0,3.0,236.2,7.030178,13,gps,0.5,0.7,0.9,21.0,,,
2017-05-04T18:21:12.000Z,58.366323,26.703537,90.0,3.0,234.8,8.020624,12,gps,0.5,0.7,0.9,21.0,,,
2017-05-04T18:21:13.000Z,58.366273,26.703418,90.0,3.0,233.8,9.191762,12,gps,0.5,0.7,0.9,21.0,,,
2017-05-04T18:21:14.000Z,58.366217,26.703283,90.0,3.0,233.6,10.450809,12,gps,0.5,0.7,0.9,21.0,,,
2017-05-04T18:21:15.000Z,58.366161,26.703140,90.0,3.0,233.1,10.590472,11,gps,0.5,0.7,0.9,21.0,,,
2017-05-04T18:21:16.710Z,58.366268,26.703402,,24.104,,,0,network,,,,,,,
2017-05-04T18:21:18.000Z,58.365987,26.702705,90.0,3.0,233.2,11.23004,10,gps,0.6,0.7,0.9,21.0,,,
2017-05-04T18:21:19.000Z,58.365926,26.702555,90.0,3.0,233.2,11.220072,11,gps,0.6,0.7,0.9,21.0,,,
2017-05-04T18:21:22.000Z,58.365753,26.702131,90.0,3.0,233.5,9.970321,11,gps,0.6,0.7,0.9,21.0,,,STILL
2017-05-04T18:21:23.000Z,58.365700,26.702000,91.0,4.0,233.7,9.760005,12,gps,0.5,0.7,0.9,21.0,,,
2017-05-04T18:21:24.000Z,58.365653,26.701880,90.0,3.0,233.4,8.771283,12,gps,0.5,0.7,0.9,21.0,,,
2017-05-04T18:21:25.000Z,58.365603,26.701762,90.0,3.0,232.4,8.922242,12,gps,0.5,0.7,0.9,21.0,,,
2017-05-04T18:21:26.000Z,58.365549,26.701644,90.0,3.0,231.8,9.5557,11,gps,0.5,0.7,0.9,21.0,,,
2017-05-04T18:21:27.000Z,58.365495,26.701520,89.0,3.0,231.5,9.602521,12,gps,0.6,0.7,0.9,21.0,,,
2017-05-04T18:21:28.000Z,58.365441,26.701377,89.0,3.0,232.0,9.821471,12,gps,0.5,0.7,0.9,21.0,,,
2017-05-04T18:21:29.000Z,58.365385,26.701243,89.0,3.0,232.4,9.76062,13,gps,0.5,0.7,0.9,21.0,,,
2017-05-04T18:21:31.000Z,58.365277,26.701005,89.0,3.0,226.6,8.940453,13,gps,0.5,0.7,0.9,21.0,,,
2017-05-04T18:21:32.000Z,58.365217,26.700892,90.0,3.0,226.2,8.920201,13,gps,0.5,0.7,0.9,21.0,,,
2017-05-04T18:21:33.000Z,58.365163,26.700781,90.0,3.0,228.0,8.800364,13,gps,0.5,0.7,0.9,21.0,,,
2017-05-04T18:21:34.000Z,58.365114,26.700672,89.0,3.0,230.6,8.680023,10,gps,0.5,0.7,0.9,21.0,,,
2017-05-04T18:21:35.000Z,58.365066,26.700561,90.0,3.0,232.0,8.410053,12,gps,0.5,0.7,0.9,21.0,,,
2017-05-04T18:21:36.000Z,58.365029,26.700473,90.0,3.0,232.7,6.554037,13,gps,0.5,0.7,0.9,21.0,,,
2017-05-04T18:21:37.000Z,58.365001,26.700394,90.0,3.0,233.1,5.043967,13,gps,0.5,0.7,0.9,21.0,,,
2017-05-04T18:21:38.000Z,58.364977,26.700340,90.0,3.0,232.5,4.300419,13,gps,0.5,0.7,0.9,21.0,,,
2017-05-04T18:21:39.000Z,58.364953,26.700286,90.0,3.0,231.8,4.1504335,13,gps,0.5,0.7,0.9,21.0,,,
2017-05-04T18:21:40.000Z,58.364918,26.700228,90.0,3.0,230.5,5.1800866,13,gps,0.5,0.7,0.9,21.0,,,
2017-05-04T18:21:41.000Z,58.364872,26.700166,90.0,3.0,229.4,6.520276,13,gps,0.5,0.7,0.9,21.0,,,
2017-05-04T18:21:42.000Z,58.364817,26.700102,90.0,3.0,230.2,7.7907767,13,gps,0.5,0.7,0.9,21.0,,,
2017-05-04T18:21:43.000Z,58.364749,26.700023,90.0,3.0,231.6,8.810051,12,gps,0.5,0.7,0.9,21.0,,,
2017-05-04T18:21:26.665Z,58.365474,26.701792,,30.967,,,0,network,,,,,,,IN_VEHICLE
2017-05-04T18:21:44.000Z,58.364689,26.699937,90.0,8.0,232.4,8.490994,12,gps,0.5,0.7,0.9,21.0,,,
2017-05-04T18:21:45.000Z,58.364632,26.699836,90.0,12.0,232.1,8.712778,12,gps,0.5,0.7,0.9,21.0,,,
2017-05-04T18:21:46.000Z,58.364612,26.699563,91.0,3.0,231.8,9.903681,13,gps,0.5,0.7,0.9,21.0,,,
2017-05-04T18:21:47.000Z,58.364559,26.699429,91.0,3.0,231.7,9.822037,13,gps,0.5,0.7,0.9,21.0,,,
2017-05-04T18:21:48.000Z,58.364505,26.699286,92.0,3.0,231.9,9.994808,13,gps,0.5,0.7,0.9,21.0,,,
2017-05-04T18:21:49.000Z,58.364452,26.699159,92.0,3.0,231.8,9.744931,9,gps,0.5,0.7,0.9,21.0,,,
2017-05-04T18:21:50.000Z,58.364401,26.699029,92.0,3.0,231.3,9.263936,11,gps,0.5,0.7,0.9,21.0,,,
2017-05-04T18:21:51.000Z,58.364355,26.698909,93.0,3.0,232.4,8.590274,13,gps,0.5,0.7,0.9,21.0,,,
2017-05-04T18:21:52.000Z,58.364314,26.698796,93.0,4.0,232.4,8.297385,13,gps,0.5,0.7,0.9,21.0,,,
2017-05-04T18:21:53.000Z,58.364278,26.698695,93.0,3.0,232.8,7.2384667,13,gps,0.5,0.7,0.9,21.0,,,
2017-05-04T18:21:54.000Z,58.364247,26.698612,93.0,4.0,233.9,6.281346,13,gps,0.5,0.7,0.9,21.0,,,
2017-05-04T18:21:55.000Z,58.364232,26.698522,94.0,3.0,235.5,5.523622,13,gps,0.5,0.7,0.9,21.0,,,
2017-05-04T18:21:57.000Z,58.364205,26.698441,94.0,3.0,240.4,2.190822,12,gps,0.5,0.7,0.9,21.0,,,
2017-05-04T18:21:58.664Z,58.364038,26.698115,,33.055,,,0,network,,,,,,,
2017-05-04T18:22:01.000Z,58.364182,26.698437,94.0,3.0,241.2,1.01,13,gps,0.5,0.7,0.9,21.0,,,IN_VEHICLE
2017-05-04T18:22:02.000Z,58.364190,26.698422,94.0,3.0,241.2,0.16124515,13,gps,0.5,0.7,0.9,21.0,,,
2017-05-04T18:22:03.000Z,58.364191,26.698420,94.0,3.0,,0.05,13,gps,0.5,0.7,0.9,21.0,,,
2017-05-04T18:22:04.000Z,58.364192,26.698417,94.0,3.0,,0.07,13,gps,0.5,0.7,0.9,21.0,,,
2017-05-04T18:22:05.000Z,58.364192,26.698414,93.0,3.0,,0.03,12,gps,0.5,0.7,0.9,21.0,,,
2017-05-04T18:22:06.000Z,58.364192,26.698413,93.0,3.0,,0.03,13,gps,0.5,0.7,0.9,21.0,,,
2017-05-04T18:22:07.000Z,58.364192,26.698412,93.0,3.0,,0.03,13,gps,0.5,0.7,0.9,21.0,,,
2017-05-04T18:22:08.000Z,58.364192,26.698412,93.0,3.0,,0.01,12,gps,0.5,0.7,0.9,21.0,,,
2017-05-04T18:22:09.000Z,58.364192,26.698411,93.0,3.0,,0.0,12,gps,0.5,0.7,0.9,21.0,,,
2017-05-04T18:22:10.000Z,58.364192,26.698411,93.0,3.0,,0.0,12,gps,0.5,0.7,0.9,21.0,,,
2017-05-04T18:22:11.000Z,58.364192,26.698411,93.0,3.0,,0.0,13,gps,0.6,0.7,0.9,21.0,,,
2017-05-04T18:22:12.000Z,58.364192,26.698410,93.0,3.0,,0.0,13,gps,0.6,0.7,0.9,21.0,,,
2017-05-04T18:22:13.000Z,58.364192,26.698411,93.0,3.0,,0.01,13,gps,0.6,0.7,0.9,21.0,,,
2017-05-04T18:22:14.000Z,58.364192,26.698410,93.0,3.0,,0.03,13,gps,0.5,0.7,0.9,21.0,,,
2017-05-04T18:22:15.000Z,58.364192,26.698410,92.0,3.0,,0.0,13,gps,0.5,0.7,0.9,21.0,,,
2017-05-04T18:22:17.000Z,58.364183,26.698392,92.0,3.0,241.2,1.6800296,12,gps,0.5,0.7,0.9,21.0,,,
2017-05-04T18:22:18.000Z,58.364171,26.698357,92.0,3.0,242.1,2.9301538,13,gps,0.5,0.7,0.9,21.0,,,STILL
2017-05-04T18:22:19.000Z,58.364152,26.698294,92.0,3.0,246.4,4.64349,13,gps,0.5,0.7,0.9,21.0,,,
2017-05-04T18:22:20.000Z,58.364146,26.698218,92.0,3.0,257.8,4.481116,12,gps,0.5,0.7,0.9,21.0,,,
2017-05-04T18:22:21.000Z,58.364137,26.698142,92.0,4.0,263.1,4.5515823,12,gps,0.5,0.7,0.9,21.0,,,
2017-05-04T18:22:23.000Z,58.364208,26.697985,92.0,3.0,310.6,6.8201175,12,gps,0.5,0.7,0.9,21.0,,,
2017-05-04T18:22:24.000Z,58.364260,26.697916,92.0,4.0,316.6,7.391326,12,gps,0.5,0.7,0.9,21.0,,,
2017-05-04T18:22:25.000Z,58.364313,26.697848,91.0,3.0,324.2,7.360679,11,gps,0.5,0.7,0.9,21.0,,,
2017-05-04T18:22:26.000Z,58.364370,26.697771,91.0,3.0,324.8,7.5901055,12,gps,0.5,0.7,0.9,21.0,,,
2017-05-04T18:22:27.000Z,58.364436,26.697692,91.0,3.0,325.7,8.460715,12,gps,0.5,0.7,0.9,21.0,,,
2017-05-04T18:22:28.000Z,58.364505,26.697607,91.0,3.0,326.8,9.09055,11,gps,0.5,0.7,0.9,21.0,,,
2017-05-04T18:22:29.000Z,58.364576,26.697521,91.0,3.0,326.3,9.230541,12,gps,0.5,0.7,0.9,21.0,,,
2017-05-04T18:22:31.000Z,58.364733,26.697319,91.0,3.0,325.6,10.89,11,gps,0.5,0.7,0.9,21.0,,,
2017-05-04T18:22:32.000Z,58.364817,26.697213,90.0,3.0,325.8,11.14045,12,gps,0.6,0.7,0.9,21.0,,,
2017-05-04T18:22:33.000Z,58.364901,26.697109,90.0,3.0,329.3,11.130072,12,gps,0.6,0.7,0.9,21.0,,,
2017-05-04T18:22:34.000Z,58.364982,26.697008,90.0,3.0,328.2,10.950894,12,gps,0.6,0.7,0.9,21.0,,,
2017-05-04T18:22:35.000Z,58.365063,26.696907,90.0,3.0,327.8,10.640677,12,gps,0.6,0.7,0.9,21.0,,,
2017-05-04T18:22:36.000Z,58.365143,26.696808,90.0,3.0,327.8,10.480476,12,gps,0.6,0.7,0.9,21.0,,,IN_VEHICLE
2017-05-04T18:22:38.000Z,58.365294,26.696612,89.0,3.0,326.7,10.230122,12,gps,0.6,0.7,0.9,21.0,,,
2017-05-04T18:22:39.000Z,58.365371,26.696515,89.0,3.0,327.1,10.31082,12,gps,0.6,0.7,0.9,21.0,,,
2017-05-04T18:22:40.000Z,58.365450,26.696417,89.0,3.0,327.0,10.502519,12,gps,0.6,0.7,0.9,21.0,,,
2017-05-04T18:22:41.000Z,58.365532,26.696315,89.0,4.0,326.9,10.621883,11,gps,0.6,0.7,0.9,21.0,,,
2017-05-04T18:22:43.000Z,58.365685,26.696120,88.0,3.0,326.9,10.091433,12,gps,0.6,0.7,0.9,21.0,,,
2017-05-04T18:22:44.000Z,58.365760,26.696026,88.0,3.0,327.3,9.421359,12,gps,0.6,0.7,0.9,21.0,,,
2017-05-04T18:22:45.000Z,58.365825,26.695946,88.0,3.0,328.0,8.270388,12,gps,0.6,0.7,0.9,21.0,,,
2017-05-04T18:22:46.000Z,58.365878,26.695882,88.0,3.0,327.6,6.8808794,12,gps,0.6,0.7,0.9,21.0,,,
2017-05-04T18:22:47.000Z,58.365926,26.695815,88.0,3.0,323.3,6.2809634,12,gps,0.6,0.7,0.9,21.0,,,
2017-05-04T18:22:48.000Z,58.365954,26.695736,88.0,3.0,301.7,5.321588,13,gps,0.6,0.7,0.9,21.0,,,
2017-05-04T18:22:49.000Z,58.365959,26.695653,88.0,3.0,272.5,4.5901747,11,gps,0.6,0.7,0.9,21.0,,,
2017-05-04T18:22:50.000Z,58.365949,26.695554,88.0,3.0,250.4,5.1488347,11,gps,0.6,0.7,0.9,21.0,,,
2017-05-04T18:22:51.000Z,58.365924,26.695468,87.0,3.0,240.7,6.143037,11,gps,0.6,0.7,0.9,21.0,,,
2017-05-04T18:22:52.000Z,58.365895,26.695380,87.0,3.0,239.4,6.8149614,11,gps,0.6,0.7,0.9,21.0,,,IN_VEHICLE
2017-05-04T18:22:53.000Z,58.365860,26.695273,87.0,3.0,238.8,7.9068894,11,gps,0.6,0.7,0.9,21.0,,,
2017-05-04T18:22:54.000Z,58.365819,26.695153,86.0,3.0,238.4,9.06069,11,gps,0.6,0.7,0.9,21.0,,,
2017-05-04T18:22:55.000Z,58.365783,26.695036,86.0,3.0,238.3,8.808461,11,gps,0.6,0.7,0.9,21.0,,,
2017-05-04T18:22:56.000Z,58.365745,26.694907,85.0,3.0,240.7,8.752628,11,gps,0.6,0.7,0.9,21.0,,,
2017-05-04T18:22:57.000Z,58.365708,26.694784,85.0,3.0,241.8,8.540831,11,gps,0.6,0.7,0.9,21.0,,,
2017-05-04T18:22:58.000Z,58.365672,26.694668,85.0,3.0,240.7,8.298253,11,gps,0.6,0.7,0.9,21.0,,,
2017-05-04T18:22:59.000Z,58.365649,26.694611,85.0,3.0,239.4,7.014107,11,gps,0.6,0.7,0.9,21.0,,,
2017-05-04T18:23:00.000Z,58.365616,26.694507,85.0,3.0,239.3,6.762396,11,gps,0.6,0.7,0.9,21.0,,,
2017-05-04T18:23:01.000Z,58.365585,26.694412,85.0,3.0,239.4,6.4041314,10,gps,0.6,0.7,0.9,21.0,,,
2017-05-04T18:23:02.000Z,58.365563,26.694324,85.0,3.0,246.5,5.733149,10,gps,0.6,0.7,1.0,21.0,,,
2017-05-04T18:23:03.000Z,58.365554,26.694253,85.0,3.0,263.4,4.506939,11,gps,0.6,0.7,1.0,21.0,,,
2017-05-04T18:23:04.000Z,58.365562,26.694185,85.0,3.0,289.3,3.782724,11,gps,0.6,0.7,0.9,21.0,,,
2017-05-04T18:23:05.000Z,58.365577,26.694151,85.0,3.0,317.1,3.0453243,11,gps,0.6,0.7,0.9,21.0,,,
2017-05-04T18:23:06.000Z,58.365598,26.694128,85.0,3.0,335.9,2.7604527,11,gps,0.6,0.7,0.9,21.0,,,
2017-05-04T18:23:07.193Z,58.365737,26.694835,,25.251,,,0,network,,,,,,,
2017-05-04T18:23:09.000Z,58.365649,26.693997,81.0,3.0,299.6,5.0266886,11,gps,0.6,0.7,0.9,21.0,,,
2017-05-04T18:23:10.000Z,58.365650,26.693940,78.0,3.0,290.8,4.711794,12,gps,0.6,0.7,0.9,21.0,,,
2017-05-04T18:23:11.000Z,58.365654,26.693907,77.0,8.0,328.3,3.7348359,12,gps,0.6,0.7,0.9,21.0,,,
2017-05-04T18:23:12.000Z,58.365643,26.693917,74.0,9.0,328.9,3.5500987,12,gps,0.6,0.7,0.9,21.0,,,IN_VEHICLE
2017-05-04T18:23:13.000Z,58.365636,26.693920,73.0,11.0,331.6,3.6832185,12,gps,0.6,0.7,0.9,21.0,,,
2017-05-04T18:23:14.000Z,58.365627,26.693930,72.0,11.0,331.8,3.6234927,11,gps,0.6,0.7,0.9,21.0,,,
2017-05-04T18:23:15.000Z,58.365616,26.693947,70.0,13.0,331.4,3.6108725,11,gps,0.6,0.7,0.9,21.0,,,IN_VEHICLE
2017-05-04T18:23:16.308Z,58.365667,26.693861,,26.374,,,0,network,,,,,,,
2017-05-04T18:23:18.000Z,58.365593,26.694018,64.0,12.0,331.0,3.498714,12,gps,0.6,0.7,0.9,21.0,,,
2017-05-04T18:23:19.000Z,58.365585,26.694052,63.0,13.0,330.7,3.526046,12,gps,0.6,0.7,1.0,21.0,,,
2017-05-04T18:23:20.000Z,58.365581,26.694090,62.0,13.0,330.7,3.5251243,12,gps,0.6,0.7,1.0,21.0,,,
2017-05-04T18:23:21.000Z,58.365578,26.694118,62.0,15.0,330.6,3.4817524,12,gps,0.6,0.7,1.0,21.0,,,
2017-05-04T18:23:22.000Z,58.365576,26.694129,64.0,17.0,330.5,3.4441981,12,gps,0.6,0.7,1.0,21.0,,,
2017-05-04T18:23:23.000Z,58.365575,26.694124,64.0,18.0,330.5,3.399485,13,gps,0.6,0.7,1.0,21.0,,,
2017-05-04T18:23:24.000Z,58.365575,26.694119,65.0,20.0,330.5,3.341766,14,gps,0.6,0.7,1.0,21.0,,,
2017-05-04T18:23:25.000Z,58.365573,26.694109,63.0,18.0,330.5,3.0909545,14,gps,0.6,0.7,1.0,21.0,,,
2017-05-04T18:23:26.000Z,58.365572,26.694102,62.0,17.0,330.4,2.7457056,14,gps,0.6,0.7,0.9,21.0,,,
2017-05-04T18:23:27.000Z,58.365601,26.694002,65.0,9.0,,0.0,14,gps,0.6,0.7,0.9,21.0,,,
2017-05-04T19:41:47.644Z,58.384079,26.739166,,23.11,,,0,network,,,,,,,STILL
2017-05-04T19:41:53.000Z,58.384023,26.739333,59.0,12.0,,0.0,2,gps,,,,,,,STILL
