time,lat,lon,elevation,accuracy,bearing,speed,satellites,provider,hdop,vdop,pdop,geoidheight,ageofdgpsdata,dgpsid,activity
2017-05-04T18:12:19.842Z,58.390142,26.728976,73.9000015258789,14.0,136.2,0.25,10,gps,,,,,,,
2017-05-04T18:12:23.000Z,58.390161,26.729010,76.30000305175781,8.0,136.2,0.5,14,gps,0.9,0.8,1.2,21.0,,,
2017-05-04T18:12:24.000Z,58.390171,26.728987,72.9000015258789,5.0,136.2,0.25,16,gps,0.7,0.7,1.0,21.0,,,
2017-05-04T18:12:25.000Z,58.390177,26.728970,71.19999694824219,5.0,136.2,0.25,16,gps,0.7,0.7,1.0,21.0,,,
2017-05-04T18:12:26.000Z,58.390186,26.728954,69.69999694824219,5.0,136.2,0.25,17,gps,0.7,0.7,1.0,21.0,,,
2017-05-04T18:12:27.000Z,58.390196,26.728940,67.0,4.0,136.2,0.25,17,gps,0.7,0.7,1.0,21.0,,,
2017-05-04T18:12:28.000Z,58.390210,26.728931,69.69999694824219,4.0,,0.0,16,gps,0.7,0.7,1.0,21.0,,,
2017-05-04T18:12:29.000Z,58.390217,26.728926,70.0,3.0,,0.0,16,gps,0.7,0.7,1.0,21.0,,,
2017-05-04T18:12:30.000Z,58.390220,26.728926,70.4000015258789,3.0,,0.0,16,gps,0.7,0.7,1.0,21.0,,,
2017-05-04T18:12:31.000Z,58.390223,26.728927,69.69999694824219,3.0,,0.0,16,gps,0.7,0.7,1.0,21.0,,,
2017-05-04T18:12:32.000Z,58.390225,26.728927,70.4000015258789,3.0,,0.0,16,gps,0.7,0.7,1.0,21.0,,,
2017-05-04T18:12:33.000Z,58.390227,26.728927,70.0,3.0,,0.0,16,gps,0.7,0.7,1.0,21.0,,,
2017-05-04T18:12:34.000Z,58.390228,26.728928,70.19999694824219,4.0,,0.0,16,gps,0.7,0.7,1.0,21.0,,,
2017-05-04T18:12:35.000Z,58.390230,26.728928,69.80000305175781,4.0,,0.0,16,gps,0.8,0.7,1.1,21.0,,,
2017-05-04T18:12:36.000Z,58.390231,26.728929,69.9000015258789,4.0,,0.0,16,gps,0.8,0.7,1.1,21.0,,,
2017-05-04T18:12:37.000Z,58.390230,26.728928,69.69999694824219,3.0,,0.0,16,gps,0.8,0.7,1.1,21.0,,,
2017-05-04T18:12:38.000Z,58.390230,26.728928,69.4000015258789,3.0,,0.0,16,gps,0.8,0.7,1.1,21.0,,,
2017-05-04T18:12:39.000Z,58.390230,26.728926,68.9000015258789,4.0,,0.0,16,gps,0.8,0.7,1.1,21.0,,,
2017-05-04T18:12:40.000Z,58.390230,26.728926,69.4000015258789,4.0,,0.0,16,gps,0.9,0.8,1.2,21.0,,,
2017-05-04T18:12:41.000Z,58.390230,26.728926,69.4000015258789,4.0,,0.0,16,gps,0.9,0.8,1.2,21.0,,,
2017-05-04T18:12:42.000Z,58.390222,26.728924,69.30000305175781,4.0,186.7,0.75,16,gps,0.9,0.8,1.2,21.0,,,
2017-05-04T18:12:43.000Z,58.390209,26.728920,70.30000305175781,4.0,188.9,1.25,12,gps,0.9,0.8,1.2,21.0,,,
2017-05-04T18:12:44.000Z,58.390193,26.728913,70.19999694824219,4.0,191.7,1.5,12,gps,0.9,0.8,1.2,21.0,,,
2017-05-04T18:12:45.000Z,58.390171,26.728898,70.4000015258789,4.0,196.8,2.0,12,gps,0.8,0.8,1.1,21.0,,,IN_VEHICLE
2017-05-04T18:12:46.370Z,58.390131,26.728854,69.9000015258789,3.0,206.6,2.5,15,gps,0.8,0.8,1.1,21.0,,,
2017-05-04T18:12:48.000Z,58.390098,26.728816,69.30000305175781,4.0,209.1,2.25,15,gps,0.7,0.8,1.0,21.0,,,
2017-05-04T18:12:49.000Z,58.390080,26.728792,69.0999984741211,4.0,212.0,2.0,15,gps,0.7,0.8,1.0,21.0,,,IN_VEHICLE
2017-05-04T18:12:50.000Z,58.390073,26.728780,69.0,4.0,214.1,1.0,15,gps,0.7,0.8,1.0,21.0,,,
2017-05-04T18:12:51.000Z,58.390071,26.728775,69.19999694824219,3.0,,0.0,15,gps,0.7,0.8,1.1,21.0,,,
2017-05-04T18:12:52.000Z,58.390069,26.728773,69.19999694824219,3.0,,0.0,15,gps,0.7,0.8,1.1,21.0,,,
2017-05-04T18:12:53.000Z,58.390068,26.728768,69.19999694824219,3.0,,0.0,15,gps,0.8,0.8,1.1,21.0,,,IN_VEHICLE
2017-05-04T18:12:54.000Z,58.390066,26.728766,69.30000305175781,3.0,,0.0,15,gps,0.8,0.8,1.1,21.0,,,
2017-05-04T18:12:55.000Z,58.390065,26.728768,69.5999984741211,3.0,,0.0,14,gps,0.8,0.8,1.1,21.0,,,
2017-05-04T18:12:56.000Z,58.390064,26.728768,69.4000015258789,3.0,,0.0,14,gps,1.0,0.9,1.3,21.0,,,
2017-05-04T18:12:57.000Z,58.390064,26.728768,69.69999694824219,3.0,,0.0,14,gps,1.0,0.9,1.3,21.0,,,IN_VEHICLE
2017-05-04T18:12:58.000Z,58.390063,26.728766,69.5999984741211,3.0,,0.0,14,gps,1.0,0.9,1.3,21.0,,,
2017-05-04T18:12:59.000Z,58.390062,26.728766,70.0999984741211,3.0,,0.0,14,gps,0.8,0.8,1.2,21.0,,,
2017-05-04T18:13:00.000Z,58.390061,26.728767,70.69999694824219,3.0,,0.0,14,gps,0.8,0.8,1.2,21.0,,,
2017-05-04T18:13:01.000Z,58.390060,26.728767,71.0,3.0,,0.0,15,gps,0.8,0.8,1.1,21.0,,,
2017-05-04T18:13:02.000Z,58.390060,26.728767,71.0,3.0,,0.0,15,gps,0.8,0.8,1.1,21.0,,,
2017-05-04T18:13:03.000Z,58.390060,26.728766,71.0999984741211,3.0,,0.0,15,gps,0.8,0.8,1.1,21.0,,,
2017-05-04T18:13:04.000Z,58.390059,26.728765,71.0999984741211,3.0,,0.0,15,gps,0.8,0.8,1.1,21.0,,,
2017-05-04T18:13:05.000Z,58.390059,26.728765,71.19999694824219,3.0,,0.0,15,gps,0.9,0.8,1.2,21.0,,,
2017-05-04T18:13:06.000Z,58.390058,26.728764,71.19999694824219,4.0,,0.0,15,gps,0.9,0.8,1.2,21.0,,,
2017-05-04T18:13:07.000Z,58.390052,26.728756,71.19999694824219,4.0,213.2,0.75,15,gps,0.9,0.8,1.2,21.0,,,
2017-05-04T18:13:08.000Z,58.390035,26.728744,74.19999694824219,4.0,208.4,1.5,15,gps,0.7,0.7,1.0,21.0,,,
2017-05-04T18:13:09.000Z,58.390012,26.728725,76.0,4.0,207.9,2.0,15,gps,0.7,0.8,1.1,21.0,,,
2017-05-04T18:13:10.000Z,58.389974,26.728691,74.5,4.0,206.8,3.75,15,gps,0.7,0.7,1.0,21.0,,,
2017-05-04T18:13:11.000Z,58.389933,26.728651,73.69999694824219,4.0,207.1,4.25,15,gps,0.7,0.7,1.0,21.0,,,
2017-05-04T18:13:12.000Z,58.389893,26.728611,73.4000015258789,4.0,206.9,4.5,15,gps,0.7,0.7,1.0,21.0,,,
2017-05-04T18:13:13.000Z,58.389853,26.728571,74.0,4.0,207.4,4.5,15,gps,0.7,0.7,1.0,21.0,,,
2017-05-04T18:13:14.000Z,58.389811,26.728532,74.19999694824219,4.0,206.1,4.75,15,gps,0.7,0.7,1.0,21.0,,,
2017-05-04T18:13:15.000Z,58.389732,26.728474,75.5,4.0,201.3,5.75,16,gps,0.7,0.7,1.0,21.0,,,
2017-05-04T18:13:16.000Z,58.389681,26.728444,74.5,5.0,199.4,6.0,16,gps,0.6,0.7,1.0,21.0,,,
2017-05-04T18:13:17.000Z,58.389615,26.728399,74.80000305175781,5.0,199.0,6.5,16,gps,0.6,0.7,1.0,21.0,,,
2017-05-04T18:13:18.000Z,58.389524,26.728326,74.5,5.0,201.2,8.25,16,gps,0.6,0.7,1.0,21.0,,,
2017-05-04T18:13:19.000Z,58.389443,26.728277,74.9000015258789,5.0,199.3,8.5,16,gps,0.6,0.7,1.0,21.0,,,
2017-05-04T18:13:20.000Z,58.389362,26.728230,75.0,5.0,198.1,8.75,16,gps,0.6,0.7,1.0,21.0,,,
2017-05-04T18:13:21.000Z,58.389274,26.728173,74.69999694824219,5.0,198.2,9.0,16,gps,0.6,0.7,1.0,21.0,,,
2017-05-04T18:13:22.000Z,58.389196,26.728132,74.9000015258789,6.0,198.3,9.0,16,gps,0.6,0.7,1.0,21.0,,,
2017-05-04T18:13:23.000Z,58.389106,26.728067,75.19999694824219,12.0,199.3,9.25,15,gps,0.7,0.8,1.0,21.0,,,
2017-05-04T18:13:24.000Z,58.389027,26.728013,75.5999984741211,13.0,199.7,9.25,16,gps,0.6,0.7,1.0,21.0,,,
2017-05-04T18:13:25.000Z,58.388952,26.727964,75.9000015258789,13.0,199.8,9.0,16,gps,0.7,0.7,1.0,21.0,,,
2017-05-04T18:13:26.000Z,58.388883,26.727933,75.4000015258789,13.0,199.1,9.0,16,gps,0.7,0.8,1.0,21.0,,,
2017-05-04T18:13:27.000Z,58.388811,26.727916,75.9000015258789,12.0,197.5,8.75,16,gps,0.7,0.7,1.0,21.0,,,IN_VEHICLE
2017-05-04T18:13:28.000Z,58.388721,26.727824,75.5,12.0,199.8,9.25,16,gps,0.7,0.8,1.1,21.0,,,
2017-05-04T18:13:29.000Z,58.388632,26.727752,74.9000015258789,12.0,199.8,9.5,16,gps,0.8,0.8,1.1,21.0,,,
2017-05-04T18:13:30.000Z,58.388552,26.727691,74.80000305175781,13.0,199.8,9.75,16,gps,0.8,0.8,1.1,21.0,,,
2017-05-04T18:13:31.000Z,58.388436,26.727592,74.5,13.0,200.5,10.25,16,gps,0.9,0.8,1.2,21.0,,,IN_VEHICLE
2017-05-04T18:13:32.000Z,58.388327,26.727517,74.5,13.0,200.4,10.5,15,gps,0.9,0.8,1.2,21.0,,,
2017-05-04T18:13:33.000Z,58.388243,26.727469,74.19999694824219,14.0,199.8,10.5,16,gps,0.8,0.8,1.1,21.0,,,
2017-05-04T18:13:34.000Z,58.388148,26.727386,73.80000305175781,14.0,200.4,10.5,16,gps,0.8,0.8,1.2,21.0,,,
2017-05-04T18:13:35.000Z,58.388029,26.727248,73.4000015258789,14.0,202.2,11.25,16,gps,0.8,0.8,1.1,21.0,,,IN_VEHICLE
2017-05-04T18:13:36.000Z,58.387953,26.727121,73.4000015258789,14.0,203.9,11.25,16,gps,0.7,0.8,1.0,21.0,,,
2017-05-04T18:13:37.000Z,58.387851,26.727096,73.19999694824219,14.0,201.9,11.0,16,gps,0.7,0.8,1.0,21.0,,,
2017-05-04T18:13:38.000Z,58.387706,26.727014,73.30000305175781,11.0,196.9,10.75,16,gps,0.7,0.8,1.1,21.0,,,
2017-05-04T18:13:39.000Z,58.387634,26.727019,71.80000305175781,10.0,198.2,10.5,16,gps,0.7,0.8,1.1,21.0,,,IN_VEHICLE
2017-05-04T18:13:40.000Z,58.387559,26.726940,71.0,10.0,197.4,10.5,15,gps,0.7,0.8,1.0,21.0,,,
2017-05-04T18:13:41.000Z,58.387470,26.726905,71.0,10.0,197.6,10.25,15,gps,0.7,0.8,1.0,21.0,,,
2017-05-04T18:13:42.000Z,58.387378,26.726857,70.80000305175781,11.0,197.8,10.25,15,gps,0.7,0.8,1.0,21.0,,,
2017-05-04T18:13:43.000Z,58.387297,26.726801,70.5999984741211,11.0,198.1,10.0,15,gps,0.7,0.8,1.0,21.0,,,IN_VEHICLE
2017-05-04T18:13:44.000Z,58.387196,26.726691,69.9000015258789,10.0,208.1,10.5,15,gps,0.7,0.8,1.0,21.0,,,
2017-05-04T18:13:45.000Z,58.387112,26.726604,69.5999984741211,10.0,211.1,10.5,14,gps,0.7,0.8,1.0,21.0,,,
2017-05-04T18:13:46.000Z,58.387050,26.726501,69.19999694824219,10.0,213.7,10.25,14,gps,0.7,0.8,1.0,21.0,,,
2017-05-04T18:13:47.000Z,58.386974,26.726402,68.80000305175781,10.0,215.7,10.0,15,gps,0.7,0.8,1.0,21.0,,,IN_VEHICLE
2017-05-04T18:13:48.000Z,58.386904,26.726293,68.5,10.0,217.5,10.0,15,gps,0.7,0.7,1.0,21.0,,,
2017-05-04T18:13:49.000Z,58.386828,26.726183,67.80000305175781,10.0,218.4,9.75,15,gps,0.7,0.7,1.0,21.0,,,
2017-05-04T18:13:50.000Z,58.386754,26.726086,68.0999984741211,10.0,217.1,9.75,15,gps,0.7,0.8,1.1,21.0,,,
2017-05-04T18:13:51.370Z,58.386658,26.726018,67.5999984741211,9.0,197.7,8.75,15,gps,0.7,0.8,1.0,21.0,,,IN_VEHICLE
2017-05-04T18:13:53.000Z,58.386542,26.725987,67.5,10.0,190.7,8.5,15,gps,0.6,0.7,1.0,21.0,,,
2017-05-04T18:13:54.000Z,58.386462,26.726006,68.5,9.0,172.3,8.75,15,gps,0.6,0.7,1.0,21.0,,,
2017-05-04T18:13:55.000Z,58.386398,26.726086,66.80000305175781,10.0,156.6,8.75,15,gps,0.7,0.8,1.0,21.0,,,IN_VEHICLE
2017-05-04T18:13:56.000Z,58.386343,26.726182,66.0999984741211,9.0,142.0,8.25,15,gps,0.6,0.7,1.0,21.0,,,
2017-05-04T18:13:57.000Z,58.386303,26.726280,65.69999694824219,9.0,134.5,7.5,15,gps,0.6,0.7,1.0,21.0,,,
2017-05-04T18:13:58.000Z,58.386256,26.726375,65.5,10.0,132.4,7.75,15,gps,0.6,0.7,1.0,21.0,,,
2017-05-04T18:13:59.000Z,58.386211,26.726454,65.5,10.0,138.1,7.0,16,gps,0.6,0.7,1.0,21.0,,,IN_VEHICLE
2017-05-04T18:14:00.000Z,58.386158,26.726499,64.9000015258789,10.0,150.7,6.75,16,gps,0.6,0.7,0.9,21.0,,,
2017-05-04T18:14:01.000Z,58.386104,26.726530,63.20000076293945,10.0,159.5,6.75,16,gps,0.6,0.7,0.9,21.0,,,
2017-05-04T18:14:02.000Z,58.386046,26.726556,63.79999923706055,10.0,165.0,6.75,16,gps,0.6,0.7,0.9,21.0,,,
2017-05-04T18:14:03.000Z,58.385976,26.726557,63.5,10.0,175.8,7.25,16,gps,0.6,0.7,0.9,21.0,,,IN_VEHICLE
2017-05-04T18:14:04.000Z,58.385910,26.726556,63.599998474121094,11.0,177.1,7.25,16,gps,0.6,0.7,0.9,21.0,,,
2017-05-04T18:14:05.000Z,58.385843,26.726567,64.0999984741211,11.0,176.6,7.25,16,gps,0.6,0.7,0.9,21.0,,,
2017-05-04T18:14:06.000Z,58.385772,26.726569,64.19999694824219,12.0,177.6,7.5,16,gps,0.6,0.7,0.9,21.0,,,
2017-05-04T18:14:07.000Z,58.385706,26.726574,64.19999694824219,12.0,178.1,7.5,16,gps,0.6,0.7,0.9,21.0,,,IN_VEHICLE
2017-05-04T18:14:08.000Z,58.385641,26.726524,64.19999694824219,13.0,183.4,7.5,16,gps,0.6,0.7,0.9,21.0,,,
2017-05-04T18:14:09.000Z,58.385516,26.726486,64.19999694824219,12.0,186.0,9.25,16,gps,0.7,0.8,1.0,21.0,,,
2017-05-04T18:14:10.000Z,58.385427,26.726465,64.0999984741211,12.0,186.0,9.25,16,gps,0.7,0.8,1.0,21.0,,,
2017-05-04T18:14:11.000Z,58.385296,26.726425,63.79999923706055,10.0,186.1,10.5,16,gps,0.7,0.8,1.0,21.0,,,IN_VEHICLE
2017-05-04T18:14:12.000Z,58.385200,26.726396,63.70000076293945,10.0,188.0,11.25,16,gps,0.7,0.8,1.0,21.0,,,
2017-05-04T18:14:13.000Z,58.385106,26.726375,63.29999923706055,11.0,187.8,11.25,16,gps,0.7,0.8,1.0,21.0,,,
2017-05-04T18:14:14.000Z,58.384990,26.726336,63.20000076293945,11.0,187.7,11.25,14,gps,0.7,0.7,1.0,21.0,,,
2017-05-04T18:14:15.000Z,58.384884,26.726325,63.79999923706055,11.0,183.1,11.5,14,gps,0.6,0.7,1.0,21.0,,,IN_VEHICLE
2017-05-04T18:14:16.000Z,58.384778,26.726291,63.599998474121094,11.0,183.3,11.5,14,gps,0.6,0.7,1.0,21.0,,,
2017-05-04T18:14:17.000Z,58.384668,26.726315,63.70000076293945,11.0,180.0,12.0,16,gps,0.6,0.7,1.0,21.0,,,
2017-05-04T18:14:18.000Z,58.384564,26.726330,63.20000076293945,11.0,178.9,11.75,16,gps,0.6,0.7,0.9,21.0,,,
2017-05-04T18:14:19.000Z,58.384477,26.726398,61.70000076293945,9.0,170.1,11.25,16,gps,0.6,0.7,0.9,21.0,,,IN_VEHICLE
2017-05-04T18:14:20.000Z,58.384384,26.726433,61.70000076293945,10.0,169.9,11.0,18,gps,0.6,0.7,0.9,21.0,,,
2017-05-04T18:14:21.000Z,58.384293,26.726478,61.599998474121094,11.0,168.9,11.0,18,gps,0.6,0.7,0.9,21.0,,,
2017-05-04T18:14:22.000Z,58.384211,26.726553,60.599998474121094,11.0,164.2,10.5,18,gps,0.6,0.7,0.9,21.0,,,
2017-05-04T18:14:23.000Z,58.384121,26.726603,61.79999923706055,10.0,163.0,10.5,18,gps,0.6,0.7,1.0,21.0,,,IN_VEHICLE
2017-05-04T18:14:24.000Z,58.384018,26.726693,61.70000076293945,10.0,159.4,11.0,18,gps,0.6,0.7,1.0,21.0,,,
2017-05-04T18:14:25.000Z,58.383920,26.726794,61.79999923706055,10.0,158.5,11.25,18,gps,0.6,0.7,1.0,21.0,,,
2017-05-04T18:14:26.000Z,58.383807,26.726889,62.5,11.0,158.2,11.5,18,gps,0.6,0.7,0.9,21.0,,,
2017-05-04T18:14:27.000Z,58.383701,26.726979,62.900001525878906,10.0,157.3,12.0,18,gps,0.6,0.8,1.0,21.0,,,IN_VEHICLE
2017-05-04T18:14:28.000Z,58.383590,26.727077,63.400001525878906,10.0,157.2,12.25,18,gps,0.6,0.7,0.9,21.0,,,
2017-05-04T18:14:29.000Z,58.383486,26.727139,63.29999923706055,10.0,159.8,12.0,18,gps,0.6,0.7,0.9,21.0,,,
2017-05-04T18:14:30.000Z,58.383375,26.727214,63.099998474121094,10.0,159.9,12.25,18,gps,0.6,0.7,0.9,21.0,,,
2017-05-04T18:14:31.000Z,58.383258,26.727275,62.70000076293945,10.0,160.8,13.25,18,gps,0.6,0.7,0.9,21.0,,,IN_VEHICLE
2017-05-04T18:14:32.000Z,58.383132,26.727377,62.599998474121094,10.0,158.3,14.0,18,gps,0.6,0.7,0.9,21.0,,,
2017-05-04T18:14:33.000Z,58.383013,26.727455,62.599998474121094,10.0,158.4,14.0,18,gps,0.6,0.7,1.0,21.0,,,
2017-05-04T18:14:34.000Z,58.382897,26.727553,62.599998474121094,10.0,157.8,13.5,18,gps,0.6,0.7,1.0,21.0,,,
2017-05-04T18:14:35.000Z,58.382789,26.727627,62.79999923706055,10.0,157.2,13.0,18,gps,0.7,0.7,1.0,21.0,,,IN_VEHICLE
2017-05-04T18:14:36.000Z,58.382675,26.727709,63.400001525878906,10.0,157.4,13.0,18,gps,0.7,0.7,1.0,21.0,,,
2017-05-04T18:14:37.000Z,58.382570,26.727805,63.400001525878906,10.0,157.2,12.25,18,gps,0.7,0.7,1.0,21.0,,,
2017-05-04T18:14:38.000Z,58.382480,26.727883,63.0,10.0,157.3,11.25,18,gps,0.7,0.7,1.0,21.0,,,
2017-05-04T18:14:39.000Z,58.382384,26.727934,60.400001525878906,9.0,157.6,11.25,18,gps,0.7,0.8,1.0,21.0,,,IN_VEHICLE
2017-05-04T18:14:40.000Z,58.382293,26.728002,59.5,9.0,157.6,10.0,18,gps,0.7,0.8,1.0,21.0,,,
2017-05-04T18:14:41.000Z,58.382220,26.728064,58.79999923706055,10.0,155.7,8.75,18,gps,0.7,0.7,1.0,21.0,,,
2017-05-04T18:14:42.000Z,58.382155,26.728098,58.20000076293945,10.0,158.1,7.75,18,gps,0.7,0.7,1.0,21.0,,,
2017-05-04T18:14:43.000Z,58.382107,26.728135,57.29999923706055,10.0,159.7,6.25,18,gps,0.7,0.7,1.0,21.0,,,
2017-05-04T18:14:44.000Z,58.382063,26.728172,56.79999923706055,10.0,157.8,5.5,18,gps,0.7,0.7,1.0,21.0,,,IN_VEHICLE
2017-05-04T18:14:45.000Z,58.382024,26.728208,57.0,10.0,160.0,4.75,18,gps,0.7,0.7,1.0,21.0,,,
2017-05-04T18:14:46.000Z,58.381996,26.728219,56.099998474121094,9.0,163.6,3.5,16,gps,0.7,0.7,1.0,21.0,,,
2017-05-04T18:14:47.000Z,58.381972,26.728242,55.29999923706055,10.0,157.9,3.25,16,gps,0.7,0.7,1.0,21.0,,,IN_VEHICLE
2017-05-04T18:14:48.000Z,58.381960,26.728254,55.70000076293945,10.0,157.3,2.0,16,gps,0.7,0.7,1.0,21.0,,,
2017-05-04T18:14:49.000Z,58.381942,26.728261,55.900001525878906,10.0,159.8,2.0,16,gps,0.6,0.7,1.0,21.0,,,
2017-05-04T18:14:50.000Z,58.381927,26.728271,55.70000076293945,11.0,161.4,2.0,16,gps,0.6,0.7,1.0,21.0,,,
2017-05-04T18:14:51.000Z,58.381929,26.728270,55.70000076293945,10.0,161.4,0.75,16,gps,0.6,0.7,1.0,21.0,,,
2017-05-04T18:14:52.000Z,58.381932,26.728266,55.20000076293945,10.0,161.4,0.25,16,gps,0.6,0.7,1.0,21.0,,,
2017-05-04T18:14:53.000Z,58.381930,26.728267,55.099998474121094,10.0,161.4,0.25,16,gps,0.6,0.7,1.0,21.0,,,
2017-05-04T18:14:54.000Z,58.381919,26.728277,55.900001525878906,10.0,149.0,0.75,16,gps,0.6,0.7,1.0,21.0,,,
2017-05-04T18:14:55.000Z,58.381904,26.728292,55.70000076293945,10.0,155.1,1.5,16,gps,0.7,0.7,1.0,21.0,,,
2017-05-04T18:14:56.000Z,58.381881,26.728307,54.599998474121094,10.0,158.5,2.0,16,gps,0.6,0.7,1.0,21.0,,,
2017-05-04T18:14:57.000Z,58.381858,26.728324,54.20000076293945,10.0,158.2,2.25,16,gps,0.6,0.7,1.0,21.0,,,
2017-05-04T18:14:58.000Z,58.381823,26.728349,54.20000076293945,10.0,159.1,3.75,16,gps,0.6,0.7,1.0,21.0,,,
2017-05-04T18:14:59.000Z,58.381782,26.728381,54.099998474121094,10.0,158.1,4.5,16,gps,0.6,0.7,1.0,21.0,,,
2017-05-04T18:15:00.000Z,58.381736,26.728417,54.599998474121094,10.0,158.0,5.25,16,gps,0.7,0.8,1.0,21.0,,,
2017-05-04T18:15:01.000Z,58.381678,26.728467,54.29999923706055,10.0,156.4,5.5,16,gps,0.7,0.8,1.1,21.0,,,
2017-05-04T18:15:02.000Z,58.381635,26.728504,54.5,11.0,154.6,5.5,16,gps,0.7,0.8,1.0,21.0,,,
2017-05-04T18:15:03.000Z,58.381542,26.728601,55.29999923706055,10.0,151.9,8.5,16,gps,0.7,0.8,1.0,21.0,,,
2017-05-04T18:15:04.000Z,58.381474,26.728672,55.20000076293945,11.0,151.4,8.5,16,gps,0.7,0.8,1.0,21.0,,,
2017-05-04T18:15:05.000Z,58.381412,26.728748,55.400001525878906,11.0,148.8,8.5,16,gps,0.7,0.8,1.0,21.0,,,
2017-05-04T18:15:06.000Z,58.381336,26.728857,55.5,10.0,145.1,9.5,16,gps,0.7,0.8,1.0,21.0,,,
2017-05-04T18:15:07.000Z,58.381260,26.728961,55.79999923706055,11.0,144.6,9.75,16,gps,0.7,0.8,1.0,21.0,,,
2017-05-04T18:15:08.000Z,58.381182,26.729057,55.70000076293945,11.0,144.5,9.75,16,gps,0.7,0.8,1.0,21.0,,,
2017-05-04T18:15:09.000Z,58.381067,26.729185,55.5,10.0,145.8,11.75,16,gps,0.7,0.8,1.0,21.0,,,IN_VEHICLE
2017-05-04T18:15:10.370Z,58.380954,26.729330,55.400001525878906,9.0,145.8,11.5,16,gps,0.7,0.8,1.0,21.0,,,
2017-05-04T18:15:12.000Z,58.380817,26.729503,55.400001525878906,11.0,145.8,11.5,16,gps,0.7,0.8,1.1,21.0,,,IN_VEHICLE
2017-05-04T18:15:13.000Z,58.380718,26.729616,55.20000076293945,10.0,147.5,12.25,16,gps,0.7,0.8,1.0,21.0,,,
2017-05-04T18:15:14.000Z,58.380639,26.729706,55.20000076293945,10.0,147.3,11.25,16,gps,0.7,0.8,1.1,21.0,,,
2017-05-04T18:15:15.000Z,58.380566,26.729810,55.79999923706055,10.0,144.5,11.0,16,gps,0.7,0.8,1.1,21.0,,,
2017-05-04T18:15:16.000Z,58.380477,26.729914,55.79999923706055,10.0,148.9,11.5,15,gps,0.7,0.8,1.1,21.0,,,IN_VEHICLE
2017-05-04T18:15:17.000Z,58.380398,26.730018,55.099998474121094,10.0,146.4,10.75,16,gps,0.8,0.8,1.1,21.0,,,
2017-05-04T18:15:18.000Z,58.380328,26.730118,55.5,10.0,145.5,10.75,16,gps,0.7,0.8,1.1,21.0,,,
2017-05-04T18:15:19.000Z,58.380233,26.730231,55.70000076293945,10.0,147.6,11.5,16,gps,0.7,0.8,1.1,21.0,,,
2017-05-04T18:15:20.000Z,58.380141,26.730319,56.79999923706055,10.0,150.5,11.25,16,gps,0.7,0.8,1.0,21.0,,,IN_VEHICLE
2017-05-04T18:15:21.000Z,58.380038,26.730399,57.0,11.0,152.1,11.5,16,gps,0.7,0.8,1.0,21.0,,,
2017-05-04T18:15:22.000Z,58.379945,26.730402,58.900001525878906,10.0,165.8,11.25,16,gps,0.7,0.8,1.0,21.0,,,
2017-05-04T18:15:23.000Z,58.379843,26.730423,58.5,9.0,172.9,11.0,16,gps,0.7,0.8,1.0,21.0,,,
2017-05-04T18:15:24.000Z,58.379743,26.730435,58.29999923706055,10.0,175.9,10.75,16,gps,0.6,0.7,1.0,21.0,,,IN_VEHICLE
2017-05-04T18:15:25.000Z,58.379645,26.730442,57.599998474121094,10.0,180.1,10.75,16,gps,0.6,0.7,0.9,21.0,,,
2017-05-04T18:15:26.000Z,58.379547,26.730411,57.5,10.0,186.1,10.75,16,gps,0.6,0.7,0.9,21.0,,,
2017-05-04T18:15:27.000Z,58.379454,26.730380,57.599998474121094,11.0,187.7,10.75,16,gps,0.6,0.8,1.0,21.0,,,
2017-05-04T18:15:28.000Z,58.379355,26.730367,57.29999923706055,11.0,187.7,10.5,16,gps,0.6,0.7,0.9,21.0,,,IN_VEHICLE
2017-05-04T18:15:29.000Z,58.379275,26.730340,56.79999923706055,11.0,187.4,10.25,16,gps,0.6,0.7,0.9,21.0,,,
2017-05-04T18:15:30.000Z,58.379178,26.730318,56.79999923706055,10.0,188.0,10.25,16,gps,0.6,0.7,0.9,21.0,,,
2017-05-04T18:15:31.000Z,58.379078,26.730301,57.20000076293945,10.0,187.5,10.25,18,gps,0.6,0.7,0.9,21.0,,,
2017-05-04T18:15:32.000Z,58.378973,26.730273,56.0,9.0,188.8,11.5,18,gps,0.6,0.7,1.0,21.0,,,IN_VEHICLE
2017-05-04T18:15:33.000Z,58.378870,26.730236,55.099998474121094,9.0,189.5,11.5,18,gps,0.6,0.7,0.9,21.0,,,
2017-05-04T18:15:34.000Z,58.378764,26.730196,55.0,10.0,192.2,11.5,18,gps,0.6,0.7,0.9,21.0,,,
2017-05-04T18:15:35.000Z,58.378670,26.730146,55.20000076293945,9.0,197.3,11.0,18,gps,0.6,0.7,0.9,21.0,,,
2017-05-04T18:15:36.000Z,58.378583,26.730077,54.599998474121094,10.0,199.3,10.75,18,gps,0.6,0.7,0.9,21.0,,,IN_VEHICLE
2017-05-04T18:15:37.000Z,58.378506,26.729986,55.099998474121094,11.0,206.4,10.25,18,gps,0.6,0.7,0.9,21.0,,,
2017-05-04T18:15:38.000Z,58.378459,26.729864,55.099998474121094,9.0,220.4,9.25,18,gps,0.6,0.7,0.9,21.0,,,
2017-05-04T18:15:39.000Z,58.378399,26.729760,55.0,10.0,222.7,9.0,16,gps,0.6,0.7,0.9,21.0,,,
2017-05-04T18:15:40.000Z,58.378353,26.729668,55.599998474121094,10.0,226.2,8.5,16,gps,0.6,0.7,0.9,21.0,,,IN_VEHICLE
2017-05-04T18:15:41.000Z,58.378302,26.729577,56.099998474121094,10.0,227.3,7.5,18,gps,0.6,0.7,0.9,21.0,,,
2017-05-04T18:15:42.000Z,58.378262,26.729501,55.79999923706055,10.0,225.0,6.75,18,gps,0.6,0.7,0.9,21.0,,,
2017-05-04T18:15:43.000Z,58.378238,26.729440,55.599998474121094,10.0,226.7,4.75,18,gps,0.6,0.7,0.9,21.0,,,
2017-05-04T18:15:44.000Z,58.378213,26.729401,56.599998474121094,10.0,226.5,3.75,18,gps,0.6,0.7,0.9,21.0,,,IN_VEHICLE
2017-05-04T18:15:45.000Z,58.378192,26.729356,57.0,10.0,226.8,3.75,18,gps,0.6,0.7,0.9,21.0,,,
2017-05-04T18:15:46.000Z,58.378169,26.729314,56.29999923706055,10.0,228.5,3.25,18,gps,0.6,0.7,0.9,21.0,,,
2017-05-04T18:15:47.000Z,58.378154,26.729274,56.400001525878906,10.0,229.7,2.75,18,gps,0.6,0.7,0.9,21.0,,,
2017-05-04T18:15:48.000Z,58.378147,26.729250,56.099998474121094,10.0,233.8,1.75,18,gps,0.6,0.7,0.9,21.0,,,IN_VEHICLE
2017-05-04T18:15:49.000Z,58.378141,26.729242,56.400001525878906,10.0,233.8,0.5,18,gps,0.6,0.7,0.9,21.0,,,
2017-05-04T18:15:50.000Z,58.378130,26.729243,58.20000076293945,9.0,,0.0,18,gps,0.6,0.7,0.9,21.0,,,
2017-05-04T18:15:51.000Z,58.378128,26.729243,58.5,9.0,,0.0,18,gps,0.6,0.7,0.9,21.0,,,
2017-05-04T18:15:52.000Z,58.378126,26.729241,58.599998474121094,9.0,,0.0,18,gps,0.6,0.7,0.9,21.0,,,
2017-05-04T18:15:53.000Z,58.378125,26.729238,58.599998474121094,9.0,,0.0,18,gps,0.6,0.7,0.9,21.0,,,
2017-05-04T18:15:54.000Z,58.378126,26.729240,59.0,9.0,,0.0,18,gps,0.7,0.8,1.0,21.0,,,
2017-05-04T18:15:55.000Z,58.378125,26.729240,58.900001525878906,9.0,,0.0,18,gps,0.7,0.8,1.0,21.0,,,
2017-05-04T18:15:56.000Z,58.378125,26.729238,58.79999923706055,9.0,,0.0,16,gps,0.7,0.8,1.0,21.0,,,
2017-05-04T18:15:57.000Z,58.378124,26.729236,58.70000076293945,9.0,,0.0,15,gps,0.7,0.8,1.0,21.0,,,
2017-05-04T18:15:58.000Z,58.378124,26.729231,58.5,9.0,,0.0,14,gps,0.7,0.8,1.1,21.0,,,
2017-05-04T18:15:59.000Z,58.378124,26.729230,58.400001525878906,9.0,,0.0,14,gps,0.7,0.8,1.1,21.0,,,
2017-05-04T18:16:00.000Z,58.378123,26.729228,58.5,9.0,,0.0,14,gps,0.7,0.8,1.1,21.0,,,
2017-05-04T18:16:01.000Z,58.378124,26.729228,58.5,9.0,,0.0,13,gps,0.7,0.8,1.0,21.0,,,
2017-05-04T18:16:02.000Z,58.378124,26.729228,58.5,9.0,,0.0,13,gps,0.7,0.8,1.0,21.0,,,
2017-05-04T18:16:03.000Z,58.378124,26.729228,58.5,9.0,,0.0,14,gps,0.7,0.8,1.0,21.0,,,
2017-05-04T18:16:04.000Z,58.378124,26.729228,58.400001525878906,9.0,,0.0,13,gps,0.7,0.8,1.0,21.0,,,
2017-05-04T18:16:05.000Z,58.378124,26.729228,58.400001525878906,9.0,,0.0,13,gps,0.7,0.8,1.0,21.0,,,
2017-05-04T18:16:06.000Z,58.378124,26.729228,58.400001525878906,9.0,,0.0,13,gps,0.7,0.8,1.0,21.0,,,
2017-05-04T18:16:07.000Z,58.378124,26.729228,58.400001525878906,9.0,,0.0,13,gps,0.7,0.8,1.0,21.0,,,
2017-05-04T18:16:08.000Z,58.378123,26.729228,58.5,9.0,,0.0,13,gps,0.7,0.8,1.1,21.0,,,
2017-05-04T18:16:09.000Z,58.378123,26.729228,58.5,9.0,,0.0,13,gps,0.7,0.8,1.1,21.0,,,
2017-05-04T18:16:10.000Z,58.378124,26.729228,58.5,9.0,,0.0,13,gps,0.8,0.8,1.2,21.0,,,
2017-05-04T18:16:11.000Z,58.378124,26.729228,58.5,9.0,,0.0,13,gps,0.8,0.8,1.2,21.0,,,
2017-05-04T18:16:12.000Z,58.378124,26.729228,58.5,9.0,,0.0,13,gps,0.8,0.8,1.2,21.0,,,
2017-05-04T18:16:13.000Z,58.378124,26.729228,58.5,9.0,,0.0,13,gps,0.7,0.8,1.1,21.0,,,
2017-05-04T18:16:14.000Z,58.378124,26.729228,58.400001525878906,9.0,,0.0,13,gps,0.7,0.8,1.1,21.0,,,
2017-05-04T18:16:15.000Z,58.378124,26.729228,58.400001525878906,9.0,,0.0,13,gps,0.7,0.8,1.1,21.0,,,
2017-05-04T18:16:16.000Z,58.378124,26.729227,58.400001525878906,9.0,,0.0,13,gps,0.7,0.8,1.1,21.0,,,
2017-05-04T18:16:17.000Z,58.378124,26.729227,58.400001525878906,9.0,,0.0,13,gps,0.7,0.8,1.1,21.0,,,
2017-05-04T18:16:18.000Z,58.378124,26.729227,58.400001525878906,9.0,,0.0,13,gps,0.7,0.9,1.1,21.0,,,IN_VEHICLE
2017-05-04T18:16:19.000Z,58.378124,26.729227,58.400001525878906,9.0,,0.0,13,gps,0.7,0.9,1.1,21.0,,,
2017-05-04T18:16:20.000Z,58.378124,26.729227,58.400001525878906,9.0,,0.0,11,gps,0.8,0.9,1.1,21.0,,,
2017-05-04T18:16:21.000Z,58.378124,26.729227,58.400001525878906,9.0,,0.0,11,gps,0.7,0.9,1.1,21.0,,,
2017-05-04T18:16:22.000Z,58.378124,26.729227,58.400001525878906,9.0,,0.0,11,gps,0.7,0.9,1.1,21.0,,,IN_VEHICLE
2017-05-04T18:16:23.000Z,58.378124,26.729227,58.400001525878906,9.0,,0.0,11,gps,0.7,0.8,1.1,21.0,,,
2017-05-04T18:16:24.000Z,58.378124,26.729227,58.400001525878906,9.0,,0.0,11,gps,0.8,0.9,1.2,21.0,,,
2017-05-04T18:16:25.000Z,58.378124,26.729227,58.400001525878906,9.0,,0.0,11,gps,0.7,0.8,1.1,21.0,,,
2017-05-04T18:16:26.000Z,58.378124,26.729227,58.400001525878906,9.0,,0.0,12,gps,0.7,0.8,1.1,21.0,,,IN_VEHICLE
2017-05-04T18:16:27.000Z,58.378124,26.729227,58.400001525878906,9.0,,0.0,12,gps,0.7,0.8,1.1,21.0,,,
2017-05-04T18:16:28.000Z,58.378124,26.729227,58.400001525878906,9.0,,0.0,12,gps,0.7,0.8,1.0,21.0,,,
2017-05-04T18:16:29.000Z,58.378124,26.729227,58.400001525878906,9.0,,0.0,12,gps,0.7,0.8,1.0,21.0,,,
2017-05-04T18:16:30.000Z,58.378124,26.729227,58.29999923706055,9.0,,0.0,12,gps,0.7,0.8,1.1,21.0,,,IN_VEHICLE
2017-05-04T18:16:31.000Z,58.378124,26.729227,58.29999923706055,9.0,,0.0,12,gps,0.7,0.8,1.1,21.0,,,
2017-05-04T18:16:32.000Z,58.378124,26.729227,58.400001525878906,9.0,,0.0,11,gps,0.7,0.8,1.1,21.0,,,
2017-05-04T18:16:33.000Z,58.378124,26.729227,58.400001525878906,9.0,,0.0,12,gps,0.7,0.8,1.0,21.0,,,
2017-05-04T18:16:34.000Z,58.378124,26.729227,58.400001525878906,9.0,,0.0,12,gps,0.7,0.7,1.0,21.0,,,IN_VEHICLE
2017-05-04T18:16:35.000Z,58.378124,26.729227,58.400001525878906,9.0,,0.0,13,gps,0.7,0.7,1.0,21.0,,,
2017-05-04T18:16:36.000Z,58.378124,26.729227,58.400001525878906,9.0,,0.0,13,gps,0.7,0.7,1.0,21.0,,,
2017-05-04T18:16:37.000Z,58.378124,26.729227,58.400001525878906,9.0,,0.0,13,gps,0.7,0.8,1.0,21.0,,,
2017-05-04T18:16:38.000Z,58.378119,26.729216,58.400001525878906,10.0,223.6,1.25,13,gps,0.7,0.8,1.0,21.0,,,
2017-05-04T18:16:39.000Z,58.378099,26.729177,58.599998474121094,10.0,214.7,2.25,13,gps,0.7,0.8,1.0,21.0,,,
2017-05-04T18:16:40.000Z,58.378074,26.729128,58.29999923706055,10.0,217.8,3.5,13,gps,0.7,0.8,1.0,21.0,,,
2017-05-04T18:16:41.000Z,58.378045,26.729080,57.20000076293945,10.0,222.0,3.75,13,gps,0.7,0.8,1.0,21.0,,,
2017-05-04T18:16:42.000Z,58.378016,26.729027,57.0,10.0,224.6,3.75,13,gps,0.7,0.8,1.0,21.0,,,
2017-05-04T18:16:43.000Z,58.377974,26.728934,55.70000076293945,9.0,226.3,4.75,13,gps,0.7,0.8,1.1,21.0,,,
2017-05-04T18:16:44.000Z,58.377878,26.728707,56.29999923706055,10.0,227.1,8.25,14,gps,0.7,0.8,1.0,21.0,,,
2017-05-04T18:16:45.000Z,58.377831,26.728591,55.900001525878906,10.0,227.7,8.5,14,gps,0.7,0.7,1.0,21.0,,,
2017-05-04T18:16:46.000Z,58.377785,26.728487,55.900001525878906,10.0,228.0,8.25,14,gps,0.7,0.7,1.0,21.0,,,
2017-05-04T18:16:47.000Z,58.377735,26.728375,55.79999923706055,10.0,228.8,8.25,16,gps,0.7,0.7,1.0,21.0,,,IN_VEHICLE
2017-05-04T18:16:48.000Z,58.377690,26.728263,56.099998474121094,10.0,229.0,8.0,15,gps,0.6,0.8,1.0,21.0,,,
2017-05-04T18:16:49.000Z,58.377643,26.728164,55.5,10.0,227.9,7.75,15,gps,0.6,0.8,1.0,21.0,,,
2017-05-04T18:16:50.000Z,58.377592,26.728037,56.0,10.0,228.4,8.0,15,gps,0.6,0.8,1.0,21.0,,,
2017-05-04T18:16:51.000Z,58.377542,26.727930,56.0,10.0,227.2,8.5,15,gps,0.7,0.8,1.0,21.0,,,
2017-05-04T18:16:52.000Z,58.377487,26.727809,56.599998474121094,10.0,227.2,9.0,15,gps,0.7,0.8,1.0,21.0,,,
2017-05-04T18:16:53.000Z,58.377431,26.727693,57.20000076293945,10.0,227.3,9.25,15,gps,0.7,0.8,1.0,21.0,,,
2017-05-04T18:16:54.000Z,58.377377,26.727574,57.5,10.0,228.9,8.0,16,gps,0.8,0.8,1.1,21.0,,,
2017-05-04T18:16:55.000Z,58.377339,26.727490,57.400001525878906,10.0,229.7,7.0,16,gps,0.6,0.7,1.0,21.0,,,
2017-05-04T18:16:56.000Z,58.377310,26.727420,57.400001525878906,10.0,230.3,5.75,16,gps,0.6,0.7,1.0,21.0,,,
2017-05-04T18:16:57.000Z,58.377279,26.727343,57.5,11.0,231.3,5.5,16,gps,0.6,0.7,1.0,21.0,,,
2017-05-04T18:16:58.000Z,58.377273,26.727322,57.5,10.0,233.5,3.25,16,gps,0.6,0.7,1.0,21.0,,,
2017-05-04T18:16:59.000Z,58.377270,26.727304,58.20000076293945,10.0,238.0,2.0,16,gps,0.6,0.8,1.0,21.0,,,
2017-05-04T18:17:00.000Z,58.377272,26.727283,59.099998474121094,10.0,242.6,1.25,16,gps,0.6,0.8,1.0,21.0,,,
2017-05-04T18:17:01.000Z,58.377271,26.727280,59.70000076293945,10.0,247.2,0.75,16,gps,0.6,0.8,1.0,21.0,,,
2017-05-04T18:17:02.000Z,58.377275,26.727298,59.599998474121094,10.0,247.2,0.5,16,gps,0.6,0.8,1.0,21.0,,,
2017-05-04T18:17:03.000Z,58.377274,26.727288,60.0,10.0,247.2,0.25,16,gps,0.7,0.8,1.0,21.0,,,
2017-05-04T18:17:04.000Z,58.377271,26.727277,60.0,10.0,,0.0,15,gps,0.7,0.8,1.1,21.0,,,
2017-05-04T18:17:05.000Z,58.377271,26.727272,60.0,10.0,,0.0,16,gps,0.7,0.8,1.1,21.0,,,
2017-05-04T18:17:06.000Z,58.377271,26.727276,60.5,10.0,,0.0,16,gps,0.7,0.8,1.1,21.0,,,
2017-05-04T18:17:07.000Z,58.377272,26.727274,61.0,10.0,,0.0,16,gps,0.7,0.8,1.1,21.0,,,
2017-05-04T18:17:08.000Z,58.377274,26.727280,61.099998474121094,10.0,,0.0,14,gps,0.7,0.8,1.1,21.0,,,
2017-05-04T18:17:09.000Z,58.377275,26.727281,61.5,10.0,,0.0,14,gps,0.8,0.8,1.1,21.0,,,
2017-05-04T18:17:10.000Z,58.377275,26.727276,61.70000076293945,9.0,,0.0,14,gps,0.8,0.8,1.1,21.0,,,
2017-05-04T18:17:11.000Z,58.377274,26.727279,62.599998474121094,9.0,,0.0,14,gps,0.8,0.8,1.1,21.0,,,
2017-05-04T18:17:12.000Z,58.377274,26.727281,62.599998474121094,9.0,,0.0,14,gps,0.7,0.8,1.0,21.0,,,
2017-05-04T18:17:13.000Z,58.377275,26.727276,62.79999923706055,10.0,,0.0,14,gps,0.7,0.8,1.0,21.0,,,
2017-05-04T18:17:14.000Z,58.377273,26.727272,63.29999923706055,9.0,,0.0,14,gps,0.7,0.8,1.0,21.0,,,
2017-05-04T18:17:15.000Z,58.377271,26.727275,63.70000076293945,9.0,,0.0,14,gps,0.7,0.8,1.0,21.0,,,
2017-05-04T18:17:16.000Z,58.377271,26.727273,63.70000076293945,9.0,,0.0,14,gps,0.7,0.8,1.0,21.0,,,
2017-05-04T18:17:17.000Z,58.377271,26.727273,63.70000076293945,9.0,,0.0,14,gps,0.7,0.8,1.0,21.0,,,IN_VEHICLE
2017-05-04T18:17:18.000Z,58.377270,26.727271,63.900001525878906,9.0,,0.0,14,gps,0.7,0.8,1.0,21.0,,,
2017-05-04T18:17:19.000Z,58.377271,26.727272,63.79999923706055,9.0,,0.0,14,gps,0.7,0.8,1.0,21.0,,,
2017-05-04T18:17:20.000Z,58.377271,26.727271,63.79999923706055,9.0,,0.0,12,gps,0.7,0.8,1.0,21.0,,,
2017-05-04T18:17:21.000Z,58.377271,26.727272,63.79999923706055,9.0,,0.0,12,gps,0.7,0.8,1.0,21.0,,,IN_VEHICLE
2017-05-04T18:17:22.000Z,58.377271,26.727273,63.70000076293945,9.0,,0.0,12,gps,0.7,0.8,1.0,21.0,,,
2017-05-04T18:17:23.000Z,58.377271,26.727271,63.79999923706055,9.0,,0.0,14,gps,0.7,0.8,1.0,21.0,,,
2017-05-04T18:17:24.000Z,58.377271,26.727271,63.79999923706055,9.0,,0.0,14,gps,0.7,0.8,1.0,21.0,,,
2017-05-04T18:17:25.000Z,58.377271,26.727271,63.79999923706055,9.0,,0.0,14,gps,0.7,0.8,1.0,21.0,,,IN_VEHICLE
2017-05-04T18:17:26.000Z,58.377271,26.727271,63.79999923706055,9.0,,0.0,14,gps,0.8,0.8,1.1,21.0,,,
2017-05-04T18:17:27.000Z,58.377271,26.727272,63.79999923706055,9.0,,0.0,13,gps,0.8,0.8,1.1,21.0,,,
2017-05-04T18:17:28.000Z,58.377272,26.727272,63.79999923706055,9.0,,0.0,13,gps,0.8,0.8,1.1,21.0,,,
2017-05-04T18:17:29.000Z,58.377272,26.727273,63.79999923706055,9.0,,0.0,13,gps,0.8,0.8,1.1,21.0,,,IN_VEHICLE
2017-05-04T18:17:30.000Z,58.377270,26.727271,63.70000076293945,10.0,247.2,0.25,13,gps,0.8,0.8,1.1,21.0,,,
2017-05-04T18:17:31.000Z,58.377253,26.727246,64.30000305175781,10.0,213.1,1.25,13,gps,0.8,0.8,1.1,21.0,,,
2017-05-04T18:17:32.000Z,58.377228,26.727204,64.9000015258789,10.0,215.5,2.25,13,gps,0.8,0.8,1.1,21.0,,,
2017-05-04T18:17:33.000Z,58.377205,26.727162,64.5,10.0,214.1,3.0,13,gps,0.8,0.8,1.1,21.0,,,IN_VEHICLE
2017-05-04T18:17:34.000Z,58.377181,26.727124,64.0999984741211,10.0,215.9,3.0,11,gps,0.8,0.8,1.1,21.0,,,
2017-05-04T18:17:35.000Z,58.377154,26.727075,64.0999984741211,10.0,219.3,3.5,11,gps,0.8,0.8,1.1,21.0,,,
2017-05-04T18:17:36.000Z,58.377122,26.727015,63.900001525878906,10.0,219.8,4.0,11,gps,0.8,0.8,1.1,21.0,,,
2017-05-04T18:17:37.000Z,58.377051,26.726838,64.4000015258789,10.0,224.5,7.25,12,gps,0.8,0.8,1.1,21.0,,,IN_VEHICLE
2017-05-04T18:17:38.000Z,58.376996,26.726745,64.5999984741211,10.0,224.5,8.0,14,gps,0.7,0.8,1.1,21.0,,,
2017-05-04T18:17:39.000Z,58.376939,26.726630,64.9000015258789,10.0,226.3,8.0,14,gps,0.7,0.8,1.1,21.0,,,
2017-05-04T18:17:40.000Z,58.376874,26.726518,66.69999694824219,10.0,226.6,8.5,14,gps,0.7,0.8,1.1,21.0,,,
2017-05-04T18:17:41.000Z,58.376812,26.726395,67.5999984741211,11.0,226.4,9.0,16,gps,0.7,0.8,1.1,21.0,,,IN_VEHICLE
2017-05-04T18:17:42.000Z,58.376753,26.726291,68.0999984741211,11.0,226.3,9.0,16,gps,0.6,0.8,1.0,21.0,,,
2017-05-04T18:17:43.000Z,58.376696,26.726182,67.80000305175781,12.0,226.3,9.25,16,gps,0.7,0.8,1.0,21.0,,,
2017-05-04T18:17:44.000Z,58.376598,26.726042,68.30000305175781,11.0,220.4,11.0,16,gps,0.7,0.8,1.0,21.0,,,
2017-05-04T18:17:45.000Z,58.376515,26.725934,68.80000305175781,11.0,217.4,11.0,16,gps,0.7,0.8,1.0,21.0,,,IN_VEHICLE
2017-05-04T18:17:46.000Z,58.376414,26.725832,68.5999984741211,11.0,212.5,11.5,16,gps,0.6,0.8,1.0,21.0,,,
2017-05-04T18:17:47.000Z,58.376328,26.725717,68.0999984741211,10.0,212.9,11.75,16,gps,0.6,0.8,1.0,21.0,,,
2017-05-04T18:17:48.000Z,58.376235,26.725620,68.5,10.0,212.7,12.25,16,gps,0.6,0.8,1.0,21.0,,,
2017-05-04T18:17:49.000Z,58.376145,26.725503,68.4000015258789,10.0,213.0,12.25,16,gps,0.6,0.7,0.9,21.0,,,IN_VEHICLE
2017-05-04T18:17:50.000Z,58.376047,26.725403,68.30000305175781,11.0,213.1,12.75,16,gps,0.6,0.7,0.9,21.0,,,
2017-05-04T18:17:51.000Z,58.375942,26.725281,67.80000305175781,10.0,212.2,13.25,16,gps,0.6,0.7,1.0,21.0,,,
2017-05-04T18:17:52.000Z,58.375838,26.725166,68.5,10.0,211.9,13.5,16,gps,0.7,0.8,1.0,21.0,,,
2017-05-04T18:17:53.000Z,58.375735,26.725046,68.30000305175781,10.0,212.5,13.75,16,gps,0.7,0.8,1.0,21.0,,,IN_VEHICLE
2017-05-04T18:17:54.000Z,58.375639,26.724919,68.0999984741211,10.0,212.3,13.5,16,gps,0.7,0.8,1.1,21.0,,,
2017-05-04T18:17:55.000Z,58.375532,26.724801,68.30000305175781,10.0,212.1,13.5,17,gps,0.8,0.8,1.2,21.0,,,
2017-05-04T18:17:56.000Z,58.375431,26.724670,67.80000305175781,10.0,212.1,13.5,17,gps,0.8,0.8,1.1,21.0,,,
2017-05-04T18:17:57.000Z,58.375326,26.724544,67.69999694824219,10.0,211.8,13.25,17,gps,0.8,0.8,1.1,21.0,,,IN_VEHICLE
2017-05-04T18:17:58.000Z,58.375231,26.724429,67.80000305175781,11.0,211.9,13.25,17,gps,0.8,0.8,1.1,21.0,,,
2017-05-04T18:17:59.000Z,58.375126,26.724296,67.9000015258789,11.0,212.2,13.25,17,gps,0.8,0.8,1.1,21.0,,,
2017-05-04T18:18:00.000Z,58.375021,26.724176,67.80000305175781,12.0,211.8,13.25,17,gps,0.9,0.8,1.2,21.0,,,
2017-05-04T18:18:01.000Z,58.374925,26.724067,67.5999984741211,12.0,211.5,12.75,17,gps,1.0,0.8,1.3,21.0,,,IN_VEHICLE
2017-05-04T18:18:02.000Z,58.374851,26.723955,67.69999694824219,12.0,213.1,12.25,17,gps,0.9,0.8,1.2,21.0,,,
2017-05-04T18:18:03.000Z,58.374838,26.723885,67.4000015258789,10.0,215.5,9.5,17,gps,0.7,0.8,1.1,21.0,,,
2017-05-04T18:18:04.000Z,58.374771,26.723803,67.0999984741211,10.0,215.0,8.75,17,gps,0.8,0.8,1.1,21.0,,,
2017-05-04T18:18:05.000Z,58.374715,26.723704,67.4000015258789,10.0,216.7,8.75,18,gps,0.8,0.8,1.1,21.0,,,IN_VEHICLE
2017-05-04T18:18:06.000Z,58.374684,26.723633,67.9000015258789,10.0,217.2,6.75,18,gps,0.8,0.8,1.1,21.0,,,
2017-05-04T18:18:07.370Z,58.374644,26.723528,68.5,9.0,220.5,5.5,17,gps,0.8,0.8,1.1,21.0,,,
2017-05-04T18:18:09.000Z,58.374621,26.723464,68.5,10.0,223.9,2.75,18,gps,0.8,0.8,1.1,21.0,,,IN_VEHICLE
2017-05-04T18:18:10.000Z,58.374619,26.723462,68.0999984741211,10.0,226.3,1.0,18,gps,0.8,0.8,1.1,21.0,,,
2017-05-04T18:18:11.000Z,58.374612,26.723463,67.9000015258789,10.0,181.3,0.75,18,gps,1.0,0.8,1.3,21.0,,,
2017-05-04T18:18:12.000Z,58.374607,26.723465,67.5,9.0,,0.0,18,gps,0.7,0.7,1.0,21.0,,,
2017-05-04T18:18:13.000Z,58.374606,26.723465,67.80000305175781,10.0,,0.0,18,gps,0.7,0.7,1.0,21.0,,,
2017-05-04T18:18:14.000Z,58.374605,26.723464,67.9000015258789,10.0,,0.0,18,gps,0.7,0.7,1.0,21.0,,,
2017-05-04T18:18:15.000Z,58.374589,26.723438,68.0999984741211,9.0,220.6,3.75,18,gps,0.7,0.7,1.0,21.0,,,
2017-05-04T18:18:16.000Z,58.374546,26.723392,66.5,10.0,222.5,4.0,16,gps,0.7,0.7,1.0,21.0,,,
2017-05-04T18:18:17.000Z,58.374517,26.723326,66.19999694824219,10.0,226.5,4.75,16,gps,0.7,0.7,1.0,21.0,,,
2017-05-04T18:18:18.000Z,58.374479,26.723242,66.30000305175781,10.0,228.0,5.75,18,gps,0.6,0.7,1.0,21.0,,,
2017-05-04T18:18:19.000Z,58.374435,26.723159,65.80000305175781,10.0,226.1,6.25,18,gps,0.7,0.8,1.0,21.0,,,
2017-05-04T18:18:20.000Z,58.374383,26.723022,66.30000305175781,10.0,228.8,8.5,17,gps,0.7,0.8,1.0,21.0,,,
2017-05-04T18:18:21.000Z,58.374323,26.722897,66.0999984741211,10.0,229.4,9.25,18,gps,0.7,0.8,1.1,21.0,,,
2017-05-04T18:18:22.000Z,58.374268,26.722764,66.5,10.0,228.7,9.0,18,gps,0.7,0.8,1.1,21.0,,,IN_VEHICLE
2017-05-04T18:18:23.000Z,58.374215,26.722655,66.30000305175781,10.0,228.7,8.75,18,gps,0.6,0.7,1.0,21.0,,,
2017-05-04T18:18:24.000Z,58.374159,26.722517,67.5999984741211,10.0,229.3,9.0,18,gps,0.6,0.7,0.9,21.0,,,
2017-05-04T18:18:25.000Z,58.374092,26.722383,69.5,10.0,228.9,9.75,18,gps,0.6,0.7,0.9,21.0,,,
2017-05-04T18:18:26.000Z,58.374020,26.722250,70.9000015258789,10.0,229.8,10.5,18,gps,0.6,0.7,0.9,21.0,,,IN_VEHICLE
2017-05-04T18:18:27.000Z,58.373961,26.722106,70.69999694824219,10.0,230.1,10.5,16,gps,0.6,0.7,1.0,21.0,,,
2017-05-04T18:18:28.000Z,58.373873,26.721937,72.30000305175781,9.0,230.3,11.75,16,gps,0.6,0.7,0.9,21.0,,,
2017-05-04T18:18:29.000Z,58.373805,26.721774,73.0999984741211,9.0,230.2,12.0,16,gps,0.6,0.7,1.0,21.0,,,
2017-05-04T18:18:30.000Z,58.373736,26.721614,74.5,9.0,230.0,11.75,16,gps,0.7,0.8,1.1,21.0,,,IN_VEHICLE
2017-05-04T18:18:31.000Z,58.373673,26.721468,74.80000305175781,9.0,230.9,11.25,14,gps,0.7,0.8,1.0,21.0,,,
2017-05-04T18:18:32.000Z,58.373607,26.721314,74.5,10.0,231.4,11.25,14,gps,0.8,0.8,1.1,21.0,,,
2017-05-04T18:18:33.000Z,58.373544,26.721155,74.5,10.0,231.5,11.5,16,gps,0.8,0.8,1.1,21.0,,,
2017-05-04T18:18:34.000Z,58.373476,26.720993,74.30000305175781,10.0,232.4,12.0,14,gps,0.8,0.8,1.1,21.0,,,IN_VEHICLE
2017-05-04T18:18:35.000Z,58.373410,26.720818,73.5999984741211,10.0,232.6,12.25,14,gps,0.8,0.8,1.1,21.0,,,
2017-05-04T18:18:36.000Z,58.373338,26.720640,72.69999694824219,10.0,233.3,12.5,14,gps,0.7,0.8,1.1,21.0,,,
2017-05-04T18:18:37.000Z,58.373260,26.720473,74.0999984741211,9.0,232.2,12.75,14,gps,0.7,0.7,1.0,21.0,,,
2017-05-04T18:18:38.000Z,58.373189,26.720312,74.80000305175781,9.0,232.1,12.5,14,gps,0.8,0.8,1.1,21.0,,,IN_VEHICLE
2017-05-04T18:18:39.000Z,58.373116,26.720136,74.5,9.0,232.9,12.25,14,gps,0.7,0.8,1.1,21.0,,,
2017-05-04T18:18:40.000Z,58.373050,26.719966,73.5,10.0,232.5,12.5,14,gps,0.6,0.7,0.9,21.0,,,
2017-05-04T18:18:41.000Z,58.372978,26.719795,74.0,9.0,231.1,12.75,14,gps,0.6,0.7,0.9,21.0,,,
2017-05-04T18:18:42.000Z,58.372905,26.719615,73.69999694824219,10.0,231.6,13.0,14,gps,0.6,0.7,1.0,21.0,,,IN_VEHICLE
2017-05-04T18:18:43.000Z,58.372833,26.719439,73.19999694824219,9.0,232.0,13.25,16,gps,0.6,0.7,0.9,21.0,,,
2017-05-04T18:18:44.000Z,58.372762,26.719258,72.69999694824219,10.0,232.3,13.25,16,gps,0.6,0.7,1.0,21.0,,,
2017-05-04T18:18:45.000Z,58.372685,26.719071,73.0,10.0,232.3,13.5,16,gps,0.7,0.7,1.0,21.0,,,
2017-05-04T18:18:46.000Z,58.372608,26.718889,72.5,9.0,232.1,13.25,16,gps,0.7,0.7,1.0,21.0,,,IN_VEHICLE
2017-05-04T18:18:47.000Z,58.372534,26.718706,72.5,10.0,232.1,13.5,16,gps,0.8,0.8,1.1,21.0,,,
2017-05-04T18:18:48.000Z,58.372459,26.718524,72.5,11.0,232.2,13.5,16,gps,0.8,0.8,1.1,21.0,,,
2017-05-04T18:18:49.000Z,58.372383,26.718346,73.0999984741211,11.0,232.1,13.25,16,gps,0.8,0.8,1.1,21.0,,,
2017-05-04T18:18:50.000Z,58.372312,26.718177,73.30000305175781,10.0,231.9,13.25,16,gps,0.7,0.8,1.1,21.0,,,IN_VEHICLE
2017-05-04T18:18:51.000Z,58.372238,26.717998,73.0999984741211,10.0,232.4,13.5,16,gps,0.7,0.8,1.1,21.0,,,
2017-05-04T18:18:52.000Z,58.372157,26.717789,74.5999984741211,9.0,231.9,13.75,16,gps,0.8,0.8,1.1,21.0,,,
2017-05-04T18:18:53.000Z,58.372086,26.717611,74.0,10.0,232.3,14.0,16,gps,0.8,0.8,1.1,21.0,,,
2017-05-04T18:18:54.000Z,58.372000,26.717415,73.69999694824219,9.0,232.4,14.5,16,gps,0.7,0.8,1.0,21.0,,,IN_VEHICLE
2017-05-04T18:18:55.000Z,58.371925,26.717204,73.9000015258789,10.0,232.8,14.5,16,gps,0.7,0.8,1.0,21.0,,,
2017-05-04T18:18:56.000Z,58.371836,26.716980,73.80000305175781,10.0,232.1,14.75,16,gps,0.7,0.8,1.0,21.0,,,
2017-05-04T18:18:57.000Z,58.371748,26.716782,74.4000015258789,10.0,231.3,14.75,16,gps,0.6,0.7,1.0,21.0,,,
2017-05-04T18:18:58.000Z,58.371668,26.716581,73.69999694824219,10.0,231.4,14.75,16,gps,0.7,0.7,1.0,21.0,,,IN_VEHICLE
2017-05-04T18:18:59.000Z,58.371588,26.716391,74.0,11.0,231.1,14.5,16,gps,0.7,0.8,1.0,21.0,,,
2017-05-04T18:19:00.000Z,58.371500,26.716220,74.30000305175781,11.0,230.6,14.25,16,gps,0.7,0.8,1.0,21.0,,,
2017-05-04T18:19:01.000Z,58.371426,26.716034,74.69999694824219,11.0,231.4,14.25,16,gps,0.7,0.8,1.0,21.0,,,
2017-05-04T18:19:02.000Z,58.371351,26.715833,74.5,10.0,232.2,14.5,16,gps,0.7,0.8,1.0,21.0,,,IN_VEHICLE
2017-05-04T18:19:03.000Z,58.371264,26.715672,74.4000015258789,10.0,227.6,13.75,16,gps,0.7,0.7,1.0,21.0,,,
2017-05-04T18:19:04.000Z,58.371184,26.715496,75.0999984741211,10.0,231.8,13.0,16,gps,0.7,0.8,1.0,21.0,,,
2017-05-04T18:19:05.000Z,58.371115,26.715326,75.5,11.0,232.1,12.75,16,gps,0.7,0.8,1.0,21.0,,,
2017-05-04T18:19:06.000Z,58.371051,26.715186,76.0,10.0,233.0,11.75,15,gps,0.7,0.8,1.0,21.0,,,IN_VEHICLE
2017-05-04T18:19:07.000Z,58.371000,26.715063,76.30000305175781,10.0,234.1,10.75,13,gps,0.7,0.8,1.0,21.0,,,
2017-05-04T18:19:08.000Z,58.370966,26.714969,76.0,10.0,235.4,8.75,15,gps,0.7,0.8,1.1,21.0,,,
2017-05-04T18:19:09.000Z,58.370980,26.715056,74.69999694824219,9.0,233.1,2.5,15,gps,0.7,0.7,1.0,21.0,,,
2017-05-04T18:19:10.000Z,58.370976,26.715027,74.30000305175781,10.0,237.2,1.75,15,gps,0.7,0.8,1.0,21.0,,,IN_VEHICLE
2017-05-04T18:19:11.000Z,58.370975,26.715042,74.69999694824219,10.0,237.2,0.25,15,gps,0.7,0.8,1.0,21.0,,,
2017-05-04T18:19:12.000Z,58.370971,26.715048,75.0,10.0,237.2,0.25,15,gps,0.8,0.8,1.1,21.0,,,
2017-05-04T18:19:13.000Z,58.370974,26.715047,75.0999984741211,10.0,237.2,0.25,15,gps,0.8,0.8,1.1,21.0,,,
2017-05-04T18:19:14.000Z,58.370974,26.715039,75.5,10.0,237.2,0.25,15,gps,0.8,0.8,1.1,21.0,,,IN_VEHICLE
2017-05-04T18:19:15.000Z,58.370967,26.715034,75.5,9.0,,0.0,14,gps,,,,21.0,,,
2017-05-04T18:19:16.000Z,58.370967,26.715034,75.5,9.0,,0.0,14,gps,0.7,0.8,1.1,21.0,,,
2017-05-04T18:19:17.000Z,58.370966,26.715034,75.69999694824219,9.0,,0.0,14,gps,0.7,0.8,1.0,21.0,,,
2017-05-04T18:19:18.000Z,58.370965,26.715037,75.5999984741211,9.0,,0.0,15,gps,0.7,0.8,1.0,21.0,,,IN_VEHICLE
2017-05-04T18:19:19.370Z,58.370965,26.715039,75.5999984741211,9.0,,0.0,15,gps,0.7,0.8,1.0,21.0,,,
2017-05-04T18:19:21.000Z,58.370967,26.715038,75.5,9.0,,0.0,15,gps,0.7,0.8,1.0,21.0,,,
2017-05-04T18:19:22.000Z,58.370968,26.715038,75.5,9.0,,0.0,14,gps,0.7,0.8,1.1,21.0,,,IN_VEHICLE
2017-05-04T18:19:23.000Z,58.370967,26.715037,75.5,9.0,,0.0,14,gps,0.8,0.8,1.1,21.0,,,
2017-05-04T18:19:24.000Z,58.370966,26.715036,75.4000015258789,9.0,,0.0,14,gps,0.8,0.8,1.2,21.0,,,
2017-05-04T18:19:25.000Z,58.370967,26.715036,75.4000015258789,9.0,,0.0,13,gps,0.8,0.8,1.2,21.0,,,
2017-05-04T18:19:26.000Z,58.370967,26.715037,75.4000015258789,9.0,,0.0,13,gps,0.8,0.8,1.1,21.0,,,IN_VEHICLE
2017-05-04T18:19:27.000Z,58.370967,26.715037,75.4000015258789,9.0,,0.0,13,gps,0.8,0.8,1.1,21.0,,,
2017-05-04T18:19:28.000Z,58.370967,26.715036,75.5,9.0,,0.0,13,gps,0.8,0.8,1.1,21.0,,,
2017-05-04T18:19:29.000Z,58.370966,26.715035,75.5,9.0,,0.0,12,gps,0.8,0.8,1.1,21.0,,,
2017-05-04T18:19:30.000Z,58.370966,26.715035,75.5,9.0,,0.0,13,gps,0.8,0.8,1.1,21.0,,,IN_VEHICLE
2017-05-04T18:19:31.000Z,58.370966,26.715035,75.5,9.0,,0.0,13,gps,0.7,0.8,1.1,21.0,,,
2017-05-04T18:19:32.000Z,58.370966,26.715034,75.5,9.0,,0.0,13,gps,0.8,0.8,1.1,21.0,,,
2017-05-04T18:19:33.000Z,58.370966,26.715034,75.5,9.0,,0.0,13,gps,0.8,0.8,1.1,21.0,,,
2017-05-04T18:19:34.000Z,58.370965,26.715032,75.5999984741211,9.0,,0.0,13,gps,0.8,0.8,1.1,21.0,,,IN_VEHICLE
2017-05-04T18:19:35.000Z,58.370965,26.715031,75.5999984741211,9.0,,0.0,13,gps,0.8,0.8,1.1,21.0,,,
2017-05-04T18:19:36.000Z,58.370964,26.715031,75.5999984741211,9.0,,0.0,12,gps,0.8,0.8,1.1,21.0,,,
2017-05-04T18:19:37.000Z,58.370964,26.715030,75.5999984741211,9.0,,0.0,12,gps,0.7,0.8,1.1,21.0,,,
2017-05-04T18:19:38.000Z,58.370964,26.715030,75.5999984741211,9.0,,0.0,13,gps,0.7,0.8,1.1,21.0,,,IN_VEHICLE
2017-05-04T18:19:39.000Z,58.370964,26.715030,75.5999984741211,9.0,,0.0,13,gps,0.7,0.8,1.1,21.0,,,
2017-05-04T18:19:40.000Z,58.370964,26.715029,75.5999984741211,9.0,,0.0,13,gps,0.7,0.8,1.1,21.0,,,
2017-05-04T18:19:41.000Z,58.370964,26.715029,75.5999984741211,9.0,,0.0,13,gps,0.7,0.8,1.1,21.0,,,
2017-05-04T18:19:42.000Z,58.370964,26.715029,75.5999984741211,9.0,,0.0,13,gps,0.7,0.8,1.1,21.0,,,IN_VEHICLE
2017-05-04T18:19:43.000Z,58.370964,26.715029,75.5999984741211,9.0,,0.0,13,gps,0.7,0.8,1.1,21.0,,,
2017-05-04T18:19:44.000Z,58.370963,26.715028,75.69999694824219,9.0,,0.0,13,gps,0.8,0.8,1.1,21.0,,,
2017-05-04T18:19:45.000Z,58.370963,26.715028,75.69999694824219,9.0,,0.0,13,gps,0.8,0.8,1.1,21.0,,,
2017-05-04T18:19:46.000Z,58.370963,26.715028,75.69999694824219,9.0,,0.0,13,gps,0.8,0.8,1.1,21.0,,,IN_VEHICLE
2017-05-04T18:19:47.000Z,58.370963,26.715028,75.69999694824219,9.0,,0.0,13,gps,0.8,0.8,1.1,21.0,,,
2017-05-04T18:19:48.000Z,58.370963,26.715028,75.69999694824219,9.0,,0.0,13,gps,0.8,0.8,1.1,21.0,,,
2017-05-04T18:19:49.000Z,58.370963,26.715028,75.69999694824219,9.0,,0.0,13,gps,0.7,0.8,1.1,21.0,,,
2017-05-04T18:19:50.000Z,58.370963,26.715028,75.69999694824219,9.0,,0.0,13,gps,0.7,0.8,1.1,21.0,,,IN_VEHICLE
2017-05-04T18:19:51.000Z,58.370963,26.715028,75.69999694824219,9.0,,0.0,13,gps,0.7,0.8,1.1,21.0,,,
2017-05-04T18:19:52.000Z,58.370963,26.715028,75.69999694824219,9.0,,0.0,13,gps,0.8,0.8,1.1,21.0,,,
2017-05-04T18:19:53.000Z,58.370963,26.715028,75.69999694824219,9.0,,0.0,13,gps,0.8,0.8,1.1,21.0,,,
2017-05-04T18:19:54.000Z,58.370953,26.715002,75.4000015258789,10.0,232.5,3.0,13,gps,0.8,0.8,1.2,21.0,,,IN_VEHICLE
2017-05-04T18:19:55.000Z,58.370923,26.714885,74.80000305175781,10.0,236.5,5.0,11,gps,0.8,0.8,1.1,21.0,,,
2017-05-04T18:19:56.000Z,58.370873,26.714800,75.5999984741211,10.0,227.5,6.0,11,gps,0.8,0.8,1.1,21.0,,,
2017-05-04T18:19:57.000Z,58.370817,26.714662,75.5,10.0,230.3,8.0,11,gps,0.8,0.8,1.1,21.0,,,
2017-05-04T18:19:58.000Z,58.370758,26.714513,75.0,10.0,228.9,9.0,14,gps,0.8,0.8,1.1,21.0,,,IN_VEHICLE
2017-05-04T18:19:59.000Z,58.370697,26.714353,75.0999984741211,10.0,231.1,10.0,14,gps,0.7,0.7,1.0,21.0,,,
2017-05-04T18:20:00.000Z,58.370638,26.714214,75.0,10.0,230.3,10.5,14,gps,0.7,0.7,1.0,21.0,,,
2017-05-04T18:20:01.000Z,58.370563,26.714044,75.19999694824219,10.0,229.9,11.75,14,gps,0.7,0.7,1.0,21.0,,,
2017-05-04T18:20:02.000Z,58.370482,26.713844,75.19999694824219,10.0,230.8,12.5,14,gps,0.7,0.7,1.0,21.0,,,IN_VEHICLE
2017-05-04T18:20:03.000Z,58.370400,26.713636,74.9000015258789,11.0,231.7,13.25,14,gps,0.7,0.7,1.0,21.0,,,
2017-05-04T18:20:04.000Z,58.370308,26.713383,74.9000015258789,9.0,233.0,14.25,14,gps,0.8,0.8,1.1,21.0,,,
2017-05-04T18:20:05.000Z,58.370229,26.713205,74.5,9.0,232.4,14.25,14,gps,0.8,0.8,1.1,21.0,,,
2017-05-04T18:20:06.000Z,58.370144,26.712998,76.0,10.0,232.4,14.5,15,gps,0.7,0.8,1.0,21.0,,,IN_VEHICLE
2017-05-04T18:20:07.000Z,58.370055,26.712776,76.30000305175781,9.0,232.0,15.5,15,gps,0.7,0.7,1.0,21.0,,,
2017-05-04T18:20:08.000Z,58.369979,26.712577,76.5999984741211,10.0,233.9,15.0,16,gps,0.7,0.7,1.0,21.0,,,
2017-05-04T18:20:09.000Z,58.369899,26.712369,76.5999984741211,11.0,233.9,15.0,16,gps,0.7,0.7,1.0,21.0,,,
2017-05-04T18:20:10.000Z,58.369820,26.712169,76.5,10.0,233.0,15.0,16,gps,0.7,0.7,1.0,21.0,,,IN_VEHICLE
2017-05-04T18:20:11.000Z,58.369725,26.711903,77.9000015258789,11.0,233.7,15.25,16,gps,0.7,0.7,1.0,21.0,,,
2017-05-04T18:20:12.000Z,58.369635,26.711704,79.0,11.0,232.2,15.0,14,gps,0.7,0.7,1.0,21.0,,,
2017-05-04T18:20:13.000Z,58.369565,26.711494,79.30000305175781,10.0,233.7,14.75,16,gps,0.7,0.7,1.0,21.0,,,
2017-05-04T18:20:14.000Z,58.369480,26.711256,79.0999984741211,10.0,235.2,15.25,16,gps,0.7,0.7,1.0,21.0,,,IN_VEHICLE
2017-05-04T18:20:15.000Z,58.369393,26.711023,79.30000305175781,10.0,235.3,15.75,17,gps,0.7,0.7,1.0,21.0,,,
2017-05-04T18:20:16.000Z,58.369309,26.710809,79.5999984741211,10.0,233.4,16.25,17,gps,0.6,0.7,0.9,21.0,,,
2017-05-04T18:20:17.000Z,58.369216,26.710595,79.69999694824219,10.0,232.2,16.5,17,gps,0.6,0.7,0.9,21.0,,,
2017-05-04T18:20:18.000Z,58.369127,26.710377,79.80000305175781,11.0,232.2,16.5,17,gps,0.6,0.7,0.9,21.0,,,IN_VEHICLE
2017-05-04T18:20:19.000Z,58.369045,26.710168,79.5999984741211,11.0,232.2,16.25,17,gps,0.6,0.7,0.9,21.0,,,
2017-05-04T18:20:20.000Z,58.368955,26.709942,78.5,10.0,232.2,16.25,17,gps,0.6,0.7,0.9,21.0,,,
2017-05-04T18:20:21.370Z,58.368829,26.709644,78.0,9.0,232.2,16.0,17,gps,0.6,0.7,0.9,21.0,,,IN_VEHICLE
2017-05-04T18:20:23.000Z,58.368678,26.709283,78.9000015258789,9.0,232.2,16.25,17,gps,0.7,0.7,1.0,21.0,,,
2017-05-04T18:20:24.000Z,58.368591,26.709078,78.4000015258789,10.0,232.0,16.0,17,gps,0.7,0.7,1.0,21.0,,,
2017-05-04T18:20:25.000Z,58.368503,26.708861,79.0,10.0,232.1,15.75,17,gps,0.7,0.7,1.0,21.0,,,
2017-05-04T18:20:26.000Z,58.368410,26.708631,79.5,10.0,232.2,15.75,17,gps,0.7,0.7,1.0,21.0,,,
2017-05-04T18:20:27.000Z,58.368326,26.708422,79.0,10.0,232.7,15.5,17,gps,0.7,0.7,1.0,21.0,,,IN_VEHICLE
2017-05-04T18:20:28.000Z,58.368237,26.708218,79.0999984741211,9.0,232.4,15.5,17,gps,0.7,0.7,1.0,21.0,,,
2017-05-04T18:20:29.000Z,58.368154,26.708015,78.5,10.0,232.5,15.25,17,gps,0.7,0.7,1.0,21.0,,,
2017-05-04T18:20:30.000Z,58.368067,26.707809,78.19999694824219,10.0,232.4,15.5,17,gps,0.7,0.7,1.0,21.0,,,
2017-05-04T18:20:31.000Z,58.367978,26.707591,79.19999694824219,10.0,232.1,15.5,17,gps,0.7,0.7,1.0,21.0,,,IN_VEHICLE
2017-05-04T18:20:32.000Z,58.367889,26.707381,79.80000305175781,10.0,232.2,15.75,17,gps,0.7,0.7,1.0,21.0,,,
2017-05-04T18:20:33.000Z,58.367803,26.707160,79.5,9.0,232.3,16.0,17,gps,0.7,0.7,1.0,21.0,,,
2017-05-04T18:20:34.000Z,58.367716,26.706939,79.80000305175781,9.0,232.4,16.25,17,gps,0.7,0.7,1.0,21.0,,,
2017-05-04T18:20:35.000Z,58.367619,26.706728,80.0,9.0,230.8,16.0,17,gps,0.7,0.7,1.0,21.0,,,IN_VEHICLE
2017-05-04T18:20:36.000Z,58.367532,26.706521,80.69999694824219,10.0,231.8,15.5,17,gps,0.7,0.7,1.0,21.0,,,
2017-05-04T18:20:37.000Z,58.367448,26.706320,81.0,9.0,232.4,15.25,14,gps,0.7,0.7,1.0,21.0,,,
2017-05-04T18:20:38.000Z,58.367362,26.706115,81.4000015258789,10.0,231.8,15.0,13,gps,0.7,0.7,1.0,21.0,,,
2017-05-04T18:20:39.000Z,58.367277,26.705933,81.30000305175781,10.0,231.5,14.5,13,gps,0.7,0.8,1.0,21.0,,,IN_VEHICLE
2017-05-04T18:20:40.000Z,58.367197,26.705747,81.0999984741211,10.0,231.8,14.25,15,gps,0.7,0.8,1.0,21.0,,,
2017-05-04T18:20:41.000Z,58.367121,26.705577,81.80000305175781,10.0,231.3,13.25,15,gps,0.6,0.7,0.9,21.0,,,
2017-05-04T18:20:42.000Z,58.367051,26.705400,81.5,10.0,232.8,13.0,15,gps,0.7,0.7,1.0,21.0,,,
2017-05-04T18:20:43.000Z,58.366984,26.705232,81.30000305175781,10.0,233.0,12.5,16,gps,0.6,0.7,1.0,21.0,,,IN_VEHICLE
2017-05-04T18:20:44.000Z,58.366928,26.705097,81.5,10.0,232.5,11.25,14,gps,0.6,0.7,1.0,21.0,,,
2017-05-04T18:20:45.000Z,58.366869,26.704951,81.9000015258789,10.0,232.1,10.75,14,gps,0.6,0.7,1.0,21.0,,,
2017-05-04T18:20:46.000Z,58.366814,26.704812,82.19999694824219,10.0,231.5,10.25,14,gps,0.6,0.7,1.0,21.0,,,
2017-05-04T18:20:47.000Z,58.366765,26.704694,82.0,10.0,231.8,9.5,14,gps,0.6,0.7,1.0,21.0,,,IN_VEHICLE
2017-05-04T18:20:48.000Z,58.366721,26.704580,82.19999694824219,10.0,231.6,8.5,14,gps,0.6,0.7,1.0,21.0,,,
2017-05-04T18:20:49.000Z,58.366681,26.704480,82.19999694824219,10.0,233.0,7.75,14,gps,0.6,0.7,1.0,21.0,,,
2017-05-04T18:20:50.000Z,58.366649,26.704395,82.0,10.0,234.1,6.75,16,gps,0.6,0.7,1.0,21.0,,,
2017-05-04T18:20:51.000Z,58.366630,26.704370,82.0,9.0,232.0,4.5,16,gps,0.6,0.7,1.0,21.0,,,IN_VEHICLE
2017-05-04T18:20:52.000Z,58.366607,26.704305,82.0,10.0,231.2,4.25,14,gps,0.6,0.7,1.0,21.0,,,
2017-05-04T18:20:53.000Z,58.366586,26.704253,82.19999694824219,10.0,230.9,4.0,14,gps,0.7,0.7,1.0,21.0,,,
2017-05-04T18:20:54.000Z,58.366565,26.704197,82.0999984741211,10.0,231.3,3.75,16,gps,0.6,0.7,1.0,21.0,,,
2017-05-04T18:20:55.000Z,58.366543,26.704144,82.80000305175781,10.0,231.7,3.75,16,gps,0.6,0.7,1.0,21.0,,,
2017-05-04T18:20:56.000Z,58.366522,26.704091,84.0999984741211,9.0,229.8,3.25,16,gps,0.6,0.7,1.0,21.0,,,IN_VEHICLE
2017-05-04T18:20:57.000Z,58.366513,26.704058,84.30000305175781,9.0,231.6,2.0,16,gps,0.6,0.7,1.0,21.0,,,
2017-05-04T18:20:58.000Z,58.366506,26.704033,84.0999984741211,10.0,234.9,1.75,16,gps,0.6,0.7,1.0,21.0,,,
2017-05-04T18:20:59.000Z,58.366502,26.704015,84.19999694824219,10.0,243.7,1.25,16,gps,0.7,0.7,1.0,21.0,,,IN_VEHICLE
2017-05-04T18:21:00.000Z,58.366505,26.704028,84.0999984741211,10.0,,0.0,16,gps,0.7,0.7,1.0,21.0,,,
2017-05-04T18:21:01.000Z,58.366505,26.704020,84.0999984741211,9.0,243.7,0.25,16,gps,0.6,0.7,1.0,21.0,,,
2017-05-04T18:21:02.000Z,58.366504,26.704014,84.4000015258789,10.0,243.7,0.25,16,gps,0.6,0.7,1.0,21.0,,,
2017-05-04T18:21:03.000Z,58.366503,26.704010,84.0999984741211,10.0,243.7,0.25,16,gps,0.6,0.7,1.0,21.0,,,IN_VEHICLE
2017-05-04T18:21:04.000Z,58.366503,26.704018,84.5999984741211,9.0,,0.0,16,gps,0.6,0.7,1.0,21.0,,,
2017-05-04T18:21:05.000Z,58.366504,26.704023,84.5999984741211,9.0,,0.0,16,gps,0.6,0.7,1.0,21.0,,,
2017-05-04T18:21:06.000Z,58.366504,26.704024,84.5999984741211,9.0,,0.0,16,gps,0.6,0.7,1.0,21.0,,,
2017-05-04T18:21:07.000Z,58.366505,26.704026,84.5,9.0,,0.0,16,gps,0.6,0.7,1.0,21.0,,,IN_VEHICLE
2017-05-04T18:21:08.000Z,58.366506,26.704028,84.5,9.0,,0.0,16,gps,0.6,0.7,1.0,21.0,,,
2017-05-04T18:21:09.000Z,58.366500,26.704012,84.5,9.0,233.9,1.25,16,gps,0.6,0.7,1.0,21.0,,,
2017-05-04T18:21:10.000Z,58.366488,26.703984,84.9000015258789,10.0,232.7,1.75,16,gps,0.6,0.7,1.0,21.0,,,IN_VEHICLE
2017-05-04T18:21:11.000Z,58.366469,26.703932,85.0999984741211,10.0,232.4,2.75,16,gps,0.6,0.7,1.0,21.0,,,
2017-05-04T18:21:12.000Z,58.366400,26.703759,85.69999694824219,4.0,233.5,6.0,16,gps,0.7,0.7,1.0,21.0,,,
2017-05-04T18:21:13.000Z,58.366366,26.703666,86.19999694824219,4.0,232.0,7.25,14,gps,0.7,0.7,1.0,21.0,,,
2017-05-04T18:21:14.000Z,58.366317,26.703547,86.80000305175781,4.0,231.9,9.0,15,gps,0.7,0.7,1.0,21.0,,,
2017-05-04T18:21:15.000Z,58.366264,26.703430,87.30000305175781,4.0,231.7,9.5,15,gps,0.7,0.7,1.0,21.0,,,IN_VEHICLE
2017-05-04T18:21:16.000Z,58.366202,26.703284,87.4000015258789,4.0,230.9,9.75,14,gps,0.7,0.7,1.0,21.0,,,
2017-05-04T18:21:17.000Z,58.366142,26.703147,87.9000015258789,4.0,231.6,10.25,15,gps,0.7,0.7,1.0,21.0,,,
2017-05-04T18:21:18.000Z,58.366077,26.703008,88.4000015258789,4.0,232.1,10.75,15,gps,0.7,0.7,1.0,21.0,,,
2017-05-04T18:21:19.000Z,58.366012,26.702865,89.4000015258789,4.0,231.8,10.75,15,gps,0.6,0.7,1.0,21.0,,,IN_VEHICLE
2017-05-04T18:21:20.000Z,58.365953,26.702728,89.5,4.0,232.8,10.75,15,gps,0.6,0.7,1.0,21.0,,,
2017-05-04T18:21:21.000Z,58.365889,26.702569,89.5,4.0,232.3,11.25,15,gps,0.6,0.7,1.0,21.0,,,
2017-05-04T18:21:22.000Z,58.365828,26.702418,89.80000305175781,4.0,232.5,11.0,15,gps,0.6,0.7,0.9,21.0,,,
2017-05-04T18:21:23.000Z,58.365767,26.702268,90.0,4.0,232.2,10.5,15,gps,0.6,0.7,0.9,21.0,,,IN_VEHICLE
2017-05-04T18:21:24.000Z,58.365714,26.702126,90.30000305175781,4.0,232.1,10.25,17,gps,0.6,0.7,0.9,21.0,,,
2017-05-04T18:21:25.000Z,58.365660,26.702001,90.0,3.0,232.3,9.5,17,gps,0.6,0.7,0.9,21.0,,,
2017-05-04T18:21:26.000Z,58.365611,26.701872,89.5,3.0,231.9,9.25,17,gps,0.6,0.7,0.9,21.0,,,
2017-05-04T18:21:27.000Z,58.365561,26.701754,89.5,3.0,231.8,9.0,17,gps,0.6,0.7,0.9,21.0,,,IN_VEHICLE
2017-05-04T18:21:28.000Z,58.365509,26.701622,89.80000305175781,4.0,232.0,9.5,16,gps,0.6,0.7,0.9,21.0,,,
2017-05-04T18:21:29.000Z,58.365445,26.701481,89.9000015258789,4.0,231.7,10.5,16,gps,0.6,0.7,0.9,21.0,,,
2017-05-04T18:21:30.000Z,58.365391,26.701347,90.0,4.0,231.7,10.0,17,gps,0.6,0.7,0.9,21.0,,,
2017-05-04T18:21:31.000Z,58.365335,26.701210,90.0,4.0,231.3,10.0,17,gps,0.6,0.7,0.9,21.0,,,IN_VEHICLE
2017-05-04T18:21:32.000Z,58.365276,26.701092,90.80000305175781,4.0,229.4,9.75,17,gps,0.6,0.7,0.9,21.0,,,
2017-05-04T18:21:33.000Z,58.365222,26.700972,90.5999984741211,4.0,228.3,9.5,17,gps,0.6,0.7,1.0,21.0,,,
2017-05-04T18:21:34.000Z,58.365164,26.700863,91.5999984741211,4.0,226.0,9.25,17,gps,0.6,0.7,1.0,21.0,,,
2017-05-04T18:21:35.000Z,58.365116,26.700755,91.5,4.0,229.1,8.5,17,gps,0.6,0.7,0.9,21.0,,,IN_VEHICLE
2017-05-04T18:21:36.370Z,58.365057,26.700617,91.30000305175781,3.0,231.6,6.75,17,gps,0.6,0.7,0.9,21.0,,,
2017-05-04T18:21:38.000Z,58.365013,26.700505,90.69999694824219,3.0,231.8,4.5,17,gps,0.6,0.7,0.9,21.0,,,
2017-05-04T18:21:39.000Z,58.364992,26.700453,90.4000015258789,4.0,231.9,4.25,15,gps,0.6,0.7,0.9,21.0,,,IN_VEHICLE
2017-05-04T18:21:40.000Z,58.364971,26.700399,89.69999694824219,4.0,232.9,4.25,17,gps,0.6,0.7,0.9,21.0,,,
2017-05-04T18:21:41.000Z,58.364949,26.700350,89.69999694824219,4.0,229.3,4.0,17,gps,0.6,0.7,0.9,21.0,,,
2017-05-04T18:21:42.000Z,58.364919,26.700282,89.5,4.0,229.2,5.0,17,gps,0.6,0.7,0.9,21.0,,,
2017-05-04T18:21:43.000Z,58.364884,26.700205,89.4000015258789,4.0,228.2,5.5,17,gps,0.6,0.7,1.0,21.0,,,IN_VEHICLE
2017-05-04T18:21:44.000Z,58.364836,26.700065,89.19999694824219,4.0,232.5,7.75,15,gps,0.6,0.7,1.0,21.0,,,
2017-05-04T18:21:45.000Z,58.364792,26.699948,89.19999694824219,4.0,234.5,8.25,15,gps,0.6,0.7,1.0,21.0,,,
2017-05-04T18:21:46.000Z,58.364746,26.699836,89.0,5.0,233.9,8.75,15,gps,0.6,0.7,1.0,21.0,,,
2017-05-04T18:21:47.000Z,58.364699,26.699702,89.0999984741211,5.0,234.1,8.75,15,gps,0.6,0.7,1.0,21.0,,,
2017-05-04T18:21:48.000Z,58.364653,26.699570,89.19999694824219,5.0,234.7,8.75,15,gps,0.6,0.7,1.0,21.0,,,
2017-05-04T18:21:49.000Z,58.364590,26.699438,88.80000305175781,5.0,231.6,9.5,15,gps,0.6,0.7,1.0,21.0,,,
2017-05-04T18:21:50.000Z,58.364541,26.699303,88.80000305175781,4.0,232.9,9.5,15,gps,0.6,0.7,1.0,21.0,,,
2017-05-04T18:21:51.000Z,58.364481,26.699167,88.9000015258789,4.0,232.0,9.75,15,gps,0.6,0.7,1.0,21.0,,,
2017-05-04T18:21:52.000Z,58.364423,26.699036,88.80000305175781,5.0,231.9,9.75,15,gps,0.6,0.7,1.0,21.0,,,
2017-05-04T18:21:53.000Z,58.364378,26.698924,88.9000015258789,5.0,232.2,8.75,15,gps,0.6,0.7,1.0,21.0,,,
2017-05-04T18:21:54.000Z,58.364348,26.698872,89.30000305175781,4.0,229.1,7.0,15,gps,0.7,0.7,1.0,21.0,,,
2017-05-04T18:21:55.000Z,58.364324,26.698793,89.4000015258789,4.0,236.2,5.25,15,gps,0.7,0.7,1.0,21.0,,,
2017-05-04T18:21:56.000Z,58.364297,26.698726,89.30000305175781,4.0,234.2,4.75,15,gps,0.7,0.7,1.0,21.0,,,IN_VEHICLE
2017-05-04T18:21:57.000Z,58.364278,26.698662,89.0,4.0,238.2,4.0,15,gps,0.8,0.8,1.1,21.0,,,
2017-05-04T18:21:58.000Z,58.364262,26.698616,89.0999984741211,4.0,238.9,3.0,15,gps,0.8,0.8,1.1,21.0,,,
2017-05-04T18:21:59.000Z,58.364254,26.698584,89.19999694824219,4.0,236.9,1.5,15,gps,0.6,0.7,1.0,21.0,,,
2017-05-04T18:22:00.000Z,58.364249,26.698574,89.19999694824219,4.0,236.9,0.5,17,gps,0.7,0.8,1.0,21.0,,,IN_VEHICLE
2017-05-04T18:22:01.000Z,58.364247,26.698560,89.19999694824219,5.0,236.9,0.5,17,gps,0.6,0.8,1.0,21.0,,,
2017-05-04T18:22:02.000Z,58.364241,26.698550,89.30000305175781,5.0,236.9,0.5,17,gps,0.6,0.8,1.0,21.0,,,
2017-05-04T18:22:03.000Z,58.364243,26.698552,89.80000305175781,4.0,236.9,0.25,17,gps,0.6,0.8,1.0,21.0,,,
2017-05-04T18:22:04.000Z,58.364242,26.698557,89.80000305175781,4.0,236.9,0.25,17,gps,0.6,0.8,1.0,21.0,,,IN_VEHICLE
2017-05-04T18:22:05.000Z,58.364245,26.698556,89.4000015258789,4.0,236.9,0.25,17,gps,0.6,0.8,1.0,21.0,,,
2017-05-04T18:22:06.000Z,58.364245,26.698555,89.80000305175781,4.0,,0.0,17,gps,0.6,0.8,1.0,21.0,,,
2017-05-04T18:22:07.000Z,58.364245,26.698554,89.9000015258789,3.0,,0.0,16,gps,0.6,0.8,1.0,21.0,,,
2017-05-04T18:22:08.000Z,58.364244,26.698555,89.80000305175781,3.0,,0.0,16,gps,0.6,0.7,0.9,21.0,,,
2017-05-04T18:22:09.000Z,58.364244,26.698556,89.80000305175781,4.0,,0.0,16,gps,0.6,0.7,0.9,21.0,,,
2017-05-04T18:22:10.000Z,58.364245,26.698556,89.9000015258789,3.0,,0.0,16,gps,0.6,0.7,0.9,21.0,,,
2017-05-04T18:22:11.000Z,58.364245,26.698555,90.0,3.0,,0.0,16,gps,0.6,0.7,1.0,21.0,,,
2017-05-04T18:22:12.000Z,58.364245,26.698554,90.0,3.0,,0.0,16,gps,0.7,0.8,1.0,21.0,,,
2017-05-04T18:22:13.000Z,58.364244,26.698553,90.0,3.0,,0.0,16,gps,0.7,0.8,1.1,21.0,,,
2017-05-04T18:22:14.000Z,58.364244,26.698551,90.0999984741211,3.0,,0.0,16,gps,0.8,0.8,1.2,21.0,,,
2017-05-04T18:22:15.000Z,58.364243,26.698550,90.0,3.0,,0.0,16,gps,0.8,0.8,1.2,21.0,,,
2017-05-04T18:22:16.000Z,58.364244,26.698550,90.0,3.0,,0.0,16,gps,0.8,0.8,1.1,21.0,,,
2017-05-04T18:22:17.000Z,58.364244,26.698551,90.0,3.0,,0.0,16,gps,0.6,0.7,1.0,21.0,,,IN_VEHICLE
2017-05-04T18:22:18.000Z,58.364245,26.698551,89.9000015258789,3.0,,0.0,16,gps,0.6,0.7,1.0,21.0,,,
2017-05-04T18:22:19.000Z,58.364245,26.698552,89.9000015258789,4.0,,0.0,16,gps,0.6,0.7,1.0,21.0,,,
2017-05-04T18:22:20.000Z,58.364245,26.698552,89.9000015258789,4.0,,0.0,16,gps,0.6,0.7,1.0,21.0,,,
2017-05-04T18:22:21.000Z,58.364239,26.698529,90.0,4.0,242.5,1.5,16,gps,0.6,0.7,1.0,21.0,,,IN_VEHICLE
2017-05-04T18:22:22.000Z,58.364231,26.698484,90.0,4.0,251.6,2.25,16,gps,0.6,0.7,1.0,21.0,,,
2017-05-04T18:22:23.000Z,58.364223,26.698430,90.0999984741211,4.0,251.3,2.5,16,gps,0.6,0.7,1.0,21.0,,,
2017-05-04T18:22:24.000Z,58.364216,26.698349,90.19999694824219,4.0,258.5,3.75,16,gps,0.6,0.7,1.0,21.0,,,
2017-05-04T18:22:25.000Z,58.364237,26.698226,89.9000015258789,4.0,279.7,6.0,17,gps,0.6,0.7,1.0,21.0,,,IN_VEHICLE
2017-05-04T18:22:26.000Z,58.364344,26.698069,89.80000305175781,4.0,318.3,7.75,17,gps,0.6,0.7,0.9,21.0,,,
2017-05-04T18:22:27.000Z,58.364397,26.697981,89.80000305175781,4.0,324.3,7.75,16,gps,0.6,0.7,1.0,21.0,,,
2017-05-04T18:22:28.000Z,58.364463,26.697895,89.80000305175781,4.0,325.9,8.5,16,gps,0.6,0.7,1.0,21.0,,,
2017-05-04T18:22:29.000Z,58.364534,26.697801,89.69999694824219,4.0,324.6,9.5,15,gps,0.6,0.7,1.0,21.0,,,IN_VEHICLE
2017-05-04T18:22:30.000Z,58.364602,26.697711,90.30000305175781,4.0,326.9,9.75,15,gps,0.6,0.7,1.0,21.0,,,
2017-05-04T18:22:31.000Z,58.364664,26.697618,90.0999984741211,4.0,325.7,9.5,15,gps,0.6,0.7,1.0,21.0,,,
2017-05-04T18:22:32.000Z,58.364733,26.697509,90.9000015258789,4.0,325.3,10.0,15,gps,0.6,0.7,0.9,21.0,,,
2017-05-04T18:22:33.000Z,58.364823,26.697377,91.4000015258789,4.0,325.2,11.25,15,gps,0.6,0.7,0.9,21.0,,,IN_VEHICLE
2017-05-04T18:22:34.000Z,58.364917,26.697267,91.5,4.0,326.8,12.0,15,gps,0.7,0.7,1.0,21.0,,,
2017-05-04T18:22:35.000Z,58.365000,26.697152,91.5,4.0,325.3,11.5,15,gps,0.7,0.7,1.0,21.0,,,
2017-05-04T18:22:36.000Z,58.365086,26.697042,91.5999984741211,5.0,325.5,11.5,15,gps,0.6,0.7,0.9,21.0,,,
2017-05-04T18:22:37.000Z,58.365166,26.696933,92.0999984741211,5.0,325.7,11.25,15,gps,0.6,0.7,0.9,21.0,,,IN_VEHICLE
2017-05-04T18:22:38.000Z,58.365234,26.696832,92.4000015258789,5.0,326.2,10.75,15,gps,0.6,0.7,0.9,21.0,,,
2017-05-04T18:22:39.000Z,58.365314,26.696749,92.30000305175781,5.0,327.6,10.25,15,gps,0.6,0.7,1.0,21.0,,,
2017-05-04T18:22:40.000Z,58.365382,26.696659,92.19999694824219,4.0,327.3,9.75,14,gps,0.6,0.7,1.0,21.0,,,
2017-05-04T18:22:41.000Z,58.365452,26.696569,92.5999984741211,4.0,327.8,9.75,15,gps,0.7,0.7,1.0,21.0,,,IN_VEHICLE
2017-05-04T18:22:42.000Z,58.365525,26.696475,92.5,4.0,327.0,9.75,16,gps,0.6,0.7,1.0,21.0,,,
2017-05-04T18:22:43.000Z,58.365598,26.696371,92.5999984741211,4.0,326.5,10.0,16,gps,0.7,0.7,1.0,21.0,,,
2017-05-04T18:22:44.000Z,58.365663,26.696275,93.0999984741211,4.0,326.5,10.0,16,gps,0.7,0.7,1.0,21.0,,,
2017-05-04T18:22:45.000Z,58.365732,26.696177,93.0999984741211,4.0,327.2,9.75,16,gps,0.7,0.7,1.0,21.0,,,IN_VEHICLE
2017-05-04T18:22:46.000Z,58.365789,26.696092,93.19999694824219,9.0,326.2,8.75,16,gps,0.7,0.7,1.0,21.0,,,
2017-05-04T18:22:47.000Z,58.365838,26.696020,93.0999984741211,10.0,326.1,7.25,16,gps,0.6,0.7,1.0,21.0,,,
2017-05-04T18:22:48.000Z,58.365881,26.695964,92.4000015258789,10.0,325.6,6.25,16,gps,0.6,0.7,1.0,21.0,,,
2017-05-04T18:22:49.000Z,58.365922,26.695896,92.4000015258789,10.0,325.3,6.25,16,gps,0.6,0.7,1.0,21.0,,,IN_VEHICLE
2017-05-04T18:22:50.000Z,58.365955,26.695805,91.80000305175781,10.0,313.8,6.0,16,gps,0.7,0.7,1.0,21.0,,,
2017-05-04T18:22:51.000Z,58.365962,26.695707,90.4000015258789,9.0,289.0,5.75,16,gps,0.7,0.7,1.0,21.0,,,
2017-05-04T18:22:52.000Z,58.365980,26.695618,90.19999694824219,10.0,288.2,5.75,16,gps,0.7,0.7,1.0,21.0,,,
2017-05-04T18:22:53.000Z,58.365950,26.695542,90.30000305175781,10.0,253.5,4.75,16,gps,0.7,0.7,1.0,21.0,,,IN_VEHICLE
2017-05-04T18:22:54.000Z,58.365920,26.695457,90.5,10.0,241.8,5.25,14,gps,0.6,0.7,1.0,21.0,,,
2017-05-04T18:22:55.000Z,58.365887,26.695354,90.4000015258789,10.0,239.5,6.25,16,gps,0.6,0.7,1.0,21.0,,,
2017-05-04T18:22:56.000Z,58.365854,26.695249,90.30000305175781,10.0,238.5,6.75,16,gps,0.6,0.7,1.0,21.0,,,
2017-05-04T18:22:57.370Z,58.365813,26.695113,90.5,9.0,239.1,7.0,16,gps,0.6,0.7,1.0,21.0,,,IN_VEHICLE
2017-05-04T18:22:59.000Z,58.365761,26.694941,90.0999984741211,11.0,240.0,7.0,16,gps,0.6,0.7,0.9,21.0,,,
2017-05-04T18:23:00.000Z,58.365738,26.694833,90.0999984741211,12.0,241.5,7.0,16,gps,0.6,0.7,1.0,21.0,,,
2017-05-04T18:23:01.000Z,58.365711,26.694729,90.30000305175781,12.0,242.1,6.75,16,gps,0.6,0.7,1.0,21.0,,,
2017-05-04T18:23:02.000Z,58.365671,26.694592,90.4000015258789,12.0,241.8,7.25,16,gps,0.6,0.7,1.0,21.0,,,IN_VEHICLE
2017-05-04T18:23:03.000Z,58.365654,26.694497,90.80000305175781,12.0,242.9,7.0,16,gps,0.7,0.7,1.0,21.0,,,
2017-05-04T18:23:04.000Z,58.365609,26.694370,90.80000305175781,13.0,241.4,7.25,16,gps,0.8,0.8,1.1,21.0,,,
2017-05-04T18:23:05.000Z,58.365578,26.694237,90.80000305175781,13.0,241.6,7.25,16,gps,0.7,0.8,1.0,21.0,,,
2017-05-04T18:23:06.000Z,58.365623,26.694269,90.19999694824219,10.0,256.5,4.25,16,gps,0.8,0.8,1.1,21.0,,,IN_VEHICLE
2017-05-04T18:23:07.000Z,58.365597,26.694209,89.69999694824219,11.0,256.6,4.0,16,gps,0.7,0.8,1.0,21.0,,,
2017-05-04T18:23:08.000Z,58.365582,26.694151,89.5,11.0,256.7,3.75,16,gps,0.7,0.8,1.0,21.0,,,
2017-05-04T18:23:09.000Z,58.365594,26.694119,89.4000015258789,11.0,277.6,2.25,16,gps,0.6,0.7,1.0,21.0,,,
2017-05-04T18:23:10.000Z,58.365664,26.694138,88.4000015258789,10.0,352.8,3.25,16,gps,0.6,0.7,1.0,21.0,,,IN_VEHICLE
2017-05-04T18:23:11.000Z,58.365693,26.694130,87.80000305175781,10.0,354.0,3.25,16,gps,0.6,0.7,1.0,21.0,,,
2017-05-04T18:23:12.000Z,58.365691,26.694098,88.0,10.0,339.4,2.25,16,gps,0.6,0.7,1.0,21.0,,,
2017-05-04T18:23:13.000Z,58.365685,26.694101,87.5999984741211,10.0,,0.0,16,gps,0.7,0.7,1.0,21.0,,,
2017-05-04T18:23:14.000Z,58.365682,26.694098,87.5999984741211,10.0,339.4,0.25,16,gps,0.7,0.7,1.0,21.0,,,
2017-05-04T18:23:15.000Z,58.365680,26.694105,87.5999984741211,9.0,,0.0,16,gps,0.7,0.7,1.0,21.0,,,
2017-05-04T18:23:16.000Z,58.365679,26.694102,87.5999984741211,9.0,,0.0,16,gps,0.7,0.7,1.0,21.0,,,
